{
 "cells": [
  {
   "cell_type": "code",
   "execution_count": 3,
   "metadata": {},
   "outputs": [
    {
     "name": "stdout",
     "output_type": "stream",
     "text": [
      "[[6.97086366e+01 0.00000000e+00 0.00000000e+00 6.90183837e-03]\n",
      " [0.00000000e+00 6.97085890e+01 0.00000000e+00 0.00000000e+00]\n",
      " [0.00000000e+00 0.00000000e+00 1.01000000e+00 0.00000000e+00]\n",
      " [6.90183837e-03 0.00000000e+00 0.00000000e+00 1.00999969e+00]]\n",
      "[[ 9.67409130e+01  2.76271056e-07 -1.44094928e-07  9.69166078e-03]\n",
      " [ 2.76271056e-07  9.67408199e+01  2.88141418e-05  2.87915185e-05]\n",
      " [-1.44094928e-07  2.88141418e-05  1.02000000e+00  4.42008654e-12]\n",
      " [ 9.69166078e-03  2.87915185e-05  4.42008654e-12  1.01999896e+00]]\n",
      "[[ 1.04961932e+02  7.26770509e-07 -6.21380937e-07  1.06119735e-02]\n",
      " [ 7.26770509e-07  1.04961821e+02  6.98123917e-05  6.97854665e-05]\n",
      " [-6.21380937e-07  6.98123917e-05  1.03000000e+00  1.87670997e-11]\n",
      " [ 1.06119735e-02  6.97854665e-05  1.87670997e-11  1.02999802e+00]]\n",
      "[[ 1.07257104e+02  1.24896321e-06 -1.53846657e-06  1.09426557e-02]\n",
      " [ 1.24896321e-06  1.07256988e+02  1.17403320e-04  1.17375843e-04]\n",
      " [-1.53846657e-06  1.17403320e-04  1.04000000e+00  4.47100347e-11]\n",
      " [ 1.09426557e-02  1.17375843e-04  4.47100347e-11  1.03999701e+00]]\n",
      "[[ 1.07882290e+02  1.81235184e-06 -2.96694832e-06  1.11082481e-02]\n",
      " [ 1.81235184e-06  1.07882171e+02  1.69395923e-04  1.69366004e-04]\n",
      " [-2.96694832e-06  1.69395923e-04  1.05000000e+00  8.11493355e-11]\n",
      " [ 1.11082481e-02  1.69366004e-04  8.11493355e-11  1.04999595e+00]]\n",
      "[[ 1.08051437e+02  2.40534026e-06 -4.95375579e-06  1.12296223e-02]\n",
      " [ 2.40534026e-06  1.08051317e+02  2.24468547e-04  2.24471924e-04]\n",
      " [-4.95375579e-06  2.24468547e-04  1.06000000e+00  1.25971778e-10]\n",
      " [ 1.12296223e-02  2.24471924e-04  1.25971778e-10  1.05999487e+00]]\n",
      "[[ 1.08097117e+02  3.02051730e-06 -7.53083201e-06  1.13394765e-02]\n",
      " [ 3.02051730e-06  1.08096996e+02  2.81811972e-04  2.81824862e-04]\n",
      " [-7.53083201e-06  2.81811972e-04  1.07000000e+00  1.77074644e-10]\n",
      " [ 1.13394765e-02  2.81824862e-04  1.77074644e-10  1.06999377e+00]]\n",
      "[[ 1.08109448e+02  3.65353854e-06 -1.07226447e-05  1.14463697e-02]\n",
      " [ 3.65353854e-06  1.08109326e+02  3.40889531e-04  3.40944325e-04]\n",
      " [-1.07226447e-05  3.40889531e-04  1.08000000e+00  2.32776355e-10]\n",
      " [ 1.14463697e-02  3.40944325e-04  2.32776355e-10  1.07999265e+00]]\n",
      "[[ 1.08112777e+02  4.30080641e-06 -1.45463303e-05  1.15524359e-02]\n",
      " [ 4.30080641e-06  1.08112653e+02  4.01376892e-04  4.01475699e-04]\n",
      " [-1.45463303e-05  4.01376892e-04  1.09000000e+00  2.91828831e-10]\n",
      " [ 1.15524359e-02  4.01475699e-04  2.91828831e-10  1.08999151e+00]]\n",
      "[[ 1.08113676e+02  4.96094392e-06 -1.90219217e-05  1.16581464e-02]\n",
      " [ 4.96094392e-06  1.08113551e+02  4.63116050e-04  4.63295723e-04]\n",
      " [-1.90219217e-05  4.63116050e-04  1.09999999e+00  3.53432800e-10]\n",
      " [ 1.16581464e-02  4.63295723e-04  3.53432800e-10  1.09999034e+00]]\n",
      "[[ 1.08113920e+02  5.63237199e-06 -2.41635894e-05  1.17635728e-02]\n",
      " [ 5.63237199e-06  1.08113794e+02  5.25993493e-04  5.26270030e-04]\n",
      " [-2.41635894e-05  5.25993493e-04  1.10999999e+00  4.17046303e-10]\n",
      " [ 1.17635728e-02  5.26270030e-04  4.17046303e-10  1.10998916e+00]]\n",
      "[[ 1.08113986e+02  6.31457977e-06 -2.99887690e-05  1.18687001e-02]\n",
      " [ 6.31457977e-06  1.08113859e+02  5.89962003e-04  5.90367266e-04]\n",
      " [-2.99887690e-05  5.89962003e-04  1.11999999e+00  4.82353115e-10]\n",
      " [ 1.18687001e-02  5.90367266e-04  4.82353115e-10  1.11998795e+00]]\n",
      "[[ 1.08114005e+02  7.00710482e-06 -3.65132559e-05  1.19735041e-02]\n",
      " [ 7.00710482e-06  1.08113877e+02  6.54984408e-04  6.55561292e-04]\n",
      " [-3.65132559e-05  6.54984408e-04  1.12999999e+00  5.49163464e-10]\n",
      " [ 1.19735041e-02  6.55561292e-04  5.49163464e-10  1.12998672e+00]]\n",
      "[[ 1.08114011e+02  7.70945448e-06 -4.37527175e-05  1.20779656e-02]\n",
      " [ 7.70945448e-06  1.08113882e+02  7.21051242e-04  7.21823534e-04]\n",
      " [-4.37527175e-05  7.21051242e-04  1.13999998e+00  6.17367211e-10]\n",
      " [ 1.20779656e-02  7.21823534e-04  6.17367211e-10  1.13998547e+00]]\n",
      "[[ 1.08114013e+02  8.42157225e-06 -5.17245956e-05  1.21820683e-02]\n",
      " [ 8.42157225e-06  1.08113884e+02  7.88151575e-04  7.89166802e-04]\n",
      " [-5.17245956e-05  7.88151575e-04  1.14999998e+00  6.86917873e-10]\n",
      " [ 1.21820683e-02  7.89166802e-04  6.86917873e-10  1.14998419e+00]]\n",
      "[[ 1.08114015e+02  9.14305746e-06 -6.04433520e-05  1.22858010e-02]\n",
      " [ 9.14305746e-06  1.08113884e+02  8.56269075e-04  8.57571624e-04]\n",
      " [-6.04433520e-05  8.56269075e-04  1.15999997e+00  7.57781235e-10]\n",
      " [ 1.22858010e-02  8.57571624e-04  7.57781235e-10  1.15998289e+00]]\n",
      "[[ 1.08114016e+02  9.87366920e-06 -6.99251878e-05  1.23891537e-02]\n",
      " [ 9.87366920e-06  1.08113884e+02  9.25401594e-04  9.27034102e-04]\n",
      " [-6.99251878e-05  9.25401594e-04  1.16999996e+00  8.29946132e-10]\n",
      " [ 1.23891537e-02  9.27034102e-04  8.29946132e-10  1.16998157e+00]]\n",
      "[[ 1.08114017e+02  1.06132362e-05 -8.01856223e-05  1.24921168e-02]\n",
      " [ 1.06132362e-05  1.08113885e+02  9.95533239e-04  9.97557156e-04]\n",
      " [-8.01856223e-05  9.95533239e-04  1.17999995e+00  9.03409640e-10]\n",
      " [ 1.24921168e-02  9.97557156e-04  9.03409640e-10  1.17998023e+00]]\n",
      "[[ 1.08114018e+02  1.13613316e-05 -9.12399999e-05  1.25946833e-02]\n",
      " [ 1.13613316e-05  1.08113885e+02  1.06667165e-03  1.06912011e-03]\n",
      " [-9.12399999e-05  1.06667165e-03  1.18999994e+00  9.78173059e-10]\n",
      " [ 1.25946833e-02  1.06912011e-03  9.78173059e-10  1.18997886e+00]]\n",
      "[[ 1.08114019e+02  1.21178694e-05 -1.03103596e-04  1.26968437e-02]\n",
      " [ 1.21178694e-05  1.08113885e+02  1.13879267e-03  1.14173464e-03]\n",
      " [-1.03103596e-04  1.13879267e-03  1.19999993e+00  1.05424043e-09]\n",
      " [ 1.26968437e-02  1.14173464e-03  1.05424043e-09  1.19997747e+00]]\n",
      "[[ 1.08114020e+02  1.28827947e-05 -1.15793799e-04  1.27985882e-02]\n",
      " [ 1.28827947e-05  1.08113885e+02  1.21189059e-03  1.21541612e-03]\n",
      " [-1.15793799e-04  1.21189059e-03  1.20999992e+00  1.13163032e-09]\n",
      " [ 1.27985882e-02  1.21541612e-03  1.13163032e-09  1.20997606e+00]]\n",
      "[[ 1.08114021e+02  1.36558950e-05 -1.29328649e-04  1.28999081e-02]\n",
      " [ 1.36558950e-05  1.08113886e+02  1.28597740e-03  1.29016573e-03]\n",
      " [-1.29328649e-04  1.28597740e-03  1.21999991e+00  1.21037131e-09]\n",
      " [ 1.28999081e-02  1.29016573e-03  1.21037131e-09  1.21997462e+00]]\n",
      "[[ 1.08114022e+02  1.44367052e-05 -1.43719251e-04  1.30007975e-02]\n",
      " [ 1.44367052e-05  1.08113886e+02  1.36102360e-03  1.36596007e-03]\n",
      " [-1.43719251e-04  1.36102360e-03  1.22999989e+00  1.29045789e-09]\n",
      " [ 1.30007975e-02  1.36596007e-03  1.29045789e-09  1.22997316e+00]]\n",
      "[[ 1.08114023e+02  1.52249525e-05 -1.58982199e-04  1.31012486e-02]\n",
      " [ 1.52249525e-05  1.08113886e+02  1.43703414e-03  1.44279522e-03]\n",
      " [-1.58982199e-04  1.43703414e-03  1.23999987e+00  1.37189901e-09]\n",
      " [ 1.31012486e-02  1.44279522e-03  1.37189901e-09  1.23997167e+00]]\n",
      "[[ 1.08114024e+02  1.60204875e-05 -1.75133804e-04  1.32012522e-02]\n",
      " [ 1.60204875e-05  1.08113887e+02  1.51399852e-03  1.52067925e-03]\n",
      " [-1.75133804e-04  1.51399852e-03  1.24999985e+00  1.45470941e-09]\n",
      " [ 1.32012522e-02  1.52067925e-03  1.45470941e-09  1.24997016e+00]]\n",
      "[[ 1.08114025e+02  1.68225768e-05 -1.92185335e-04  1.33008059e-02]\n",
      " [ 1.68225768e-05  1.08113887e+02  1.59192159e-03  1.59956450e-03]\n",
      " [-1.92185335e-04  1.59192159e-03  1.25999983e+00  1.53888181e-09]\n",
      " [ 1.33008059e-02  1.59956450e-03  1.53888181e-09  1.25996863e+00]]\n",
      "[[ 1.08114026e+02  1.76315701e-05 -2.10156093e-04  1.33998945e-02]\n",
      " [ 1.76315701e-05  1.08113887e+02  1.67076908e-03  1.67950745e-03]\n",
      " [-2.10156093e-04  1.67076908e-03  1.26999981e+00  1.62443835e-09]\n",
      " [ 1.33998945e-02  1.67950745e-03  1.62443835e-09  1.26996707e+00]]\n",
      "[[ 1.08114027e+02  1.84470060e-05 -2.29062593e-04  1.34985124e-02]\n",
      " [ 1.84470060e-05  1.08113888e+02  1.75055980e-03  1.76048797e-03]\n",
      " [-2.29062593e-04  1.75055980e-03  1.27999978e+00  1.71140170e-09]\n",
      " [ 1.34985124e-02  1.76048797e-03  1.71140170e-09  1.27996548e+00]]\n",
      "[[ 1.08114028e+02  1.92686415e-05 -2.48917095e-04  1.35966512e-02]\n",
      " [ 1.92686415e-05  1.08113888e+02  1.83126104e-03  1.84250591e-03]\n",
      " [-2.48917095e-04  1.83126104e-03  1.28999975e+00  1.79977536e-09]\n",
      " [ 1.35966512e-02  1.84250591e-03  1.79977536e-09  1.28996387e+00]]\n",
      "[[ 1.08114029e+02  2.00958657e-05 -2.69732578e-04  1.36943076e-02]\n",
      " [ 2.00958657e-05  1.08113889e+02  1.91288251e-03  1.92552685e-03]\n",
      " [-2.69732578e-04  1.91288251e-03  1.29999972e+00  1.88955741e-09]\n",
      " [ 1.36943076e-02  1.92552685e-03  1.88955741e-09  1.29996223e+00]]\n",
      "[[ 1.08114030e+02  2.09283764e-05 -2.91522520e-04  1.37914743e-02]\n",
      " [ 2.09283764e-05  1.08113889e+02  1.99540929e-03  2.00954593e-03]\n",
      " [-2.91522520e-04  1.99540929e-03  1.30999968e+00  1.98074654e-09]\n",
      " [ 1.37914743e-02  2.00954593e-03  1.98074654e-09  1.30996057e+00]]\n",
      "[[ 1.08114031e+02  2.17661344e-05 -3.14304175e-04  1.38881402e-02]\n",
      " [ 2.17661344e-05  1.08113890e+02  2.07882545e-03  2.09458443e-03]\n",
      " [-3.14304175e-04  2.07882545e-03  1.31999964e+00  2.07335842e-09]\n",
      " [ 1.38881402e-02  2.09458443e-03  2.07335842e-09  1.31995888e+00]]\n",
      "[[ 1.08114032e+02  2.26089163e-05 -3.38095512e-04  1.39842963e-02]\n",
      " [ 2.26089163e-05  1.08113890e+02  2.16313487e-03  2.18064691e-03]\n",
      " [-3.38095512e-04  2.16313487e-03  1.32999960e+00  2.16741978e-09]\n",
      " [ 1.39842963e-02  2.18064691e-03  2.16741978e-09  1.32995717e+00]]\n",
      "[[ 1.08114033e+02  2.34563434e-05 -3.62908066e-04  1.40799362e-02]\n",
      " [ 2.34563434e-05  1.08113891e+02  2.24831723e-03  2.26772173e-03]\n",
      " [-3.62908066e-04  2.24831723e-03  1.33999956e+00  2.26293667e-09]\n",
      " [ 1.40799362e-02  2.26772173e-03  2.26293667e-09  1.33995543e+00]]\n",
      "[[ 1.08114033e+02  2.43080812e-05 -3.88757969e-04  1.41750527e-02]\n",
      " [ 2.43080812e-05  1.08113891e+02  2.33437518e-03  2.35580311e-03]\n",
      " [-3.88757969e-04  2.33437518e-03  1.34999951e+00  2.35992343e-09]\n",
      " [ 1.41750527e-02  2.35580311e-03  2.35992343e-09  1.34995366e+00]]\n",
      "[[ 1.08114034e+02  2.51639423e-05 -4.15658795e-04  1.42696361e-02]\n",
      " [ 2.51639423e-05  1.08113892e+02  2.42128250e-03  2.44489874e-03]\n",
      " [-4.15658795e-04  2.42128250e-03  1.35999946e+00  2.45838891e-09]\n",
      " [ 1.42696361e-02  2.44489874e-03  2.45838891e-09  1.35995187e+00]]\n",
      "[[ 1.08114035e+02  2.60236351e-05 -4.43631611e-04  1.43636781e-02]\n",
      " [ 2.60236351e-05  1.08113892e+02  2.50906204e-03  2.53500928e-03]\n",
      " [-4.43631611e-04  2.50906204e-03  1.36999940e+00  2.55836748e-09]\n",
      " [ 1.43636781e-02  2.53500928e-03  2.55836748e-09  1.36995005e+00]]\n",
      "[[ 1.08114036e+02  2.68866262e-05 -4.72680071e-04  1.44571755e-02]\n",
      " [ 2.68866262e-05  1.08113893e+02  2.59766949e-03  2.62610692e-03]\n",
      " [-4.72680071e-04  2.59766949e-03  1.37999934e+00  2.65984162e-09]\n",
      " [ 1.44571755e-02  2.62610692e-03  2.65984162e-09  1.37994820e+00]]\n",
      "[[ 1.08114037e+02  2.77526098e-05 -5.02820675e-04  1.45501204e-02]\n",
      " [ 2.77526098e-05  1.08113894e+02  2.68710626e-03  2.71818990e-03]\n",
      " [-5.02820675e-04  2.68710626e-03  1.38999928e+00  2.76281594e-09]\n",
      " [ 1.45501204e-02  2.71818990e-03  2.76281594e-09  1.38994633e+00]]\n",
      "[[ 1.08114038e+02  2.86212796e-05 -5.34070957e-04  1.46425049e-02]\n",
      " [ 2.86212796e-05  1.08113894e+02  2.77737759e-03  2.81125718e-03]\n",
      " [-5.34070957e-04  2.77737759e-03  1.39999921e+00  2.86731006e-09]\n",
      " [ 1.46425049e-02  2.81125718e-03  2.86731006e-09  1.39994443e+00]]\n",
      "[[ 1.08114039e+02  2.94927902e-05 -5.66451281e-04  1.47343119e-02]\n",
      " [ 2.94927902e-05  1.08113895e+02  2.86845481e-03  2.90535307e-03]\n",
      " [-5.66451281e-04  2.86845481e-03  1.40999914e+00  2.97336105e-09]\n",
      " [ 1.47343119e-02  2.90535307e-03  2.97336105e-09  1.40994250e+00]]\n",
      "[[ 1.08114040e+02  3.03664946e-05 -5.99968885e-04  1.48255403e-02]\n",
      " [ 3.03664946e-05  1.08113896e+02  2.96032657e-03  3.00044095e-03]\n",
      " [-5.99968885e-04  2.96032657e-03  1.41999906e+00  3.08096873e-09]\n",
      " [ 1.48255403e-02  3.00044095e-03  3.08096873e-09  1.41994054e+00]]\n",
      "[[ 1.08114040e+02  3.12419544e-05 -6.34640401e-04  1.49161844e-02]\n",
      " [ 3.12419544e-05  1.08113896e+02  3.05300426e-03  3.09650792e-03]\n",
      " [-6.34640401e-04  3.05300426e-03  1.42999898e+00  3.19014671e-09]\n",
      " [ 1.49161844e-02  3.09650792e-03  3.19014671e-09  1.42993855e+00]]\n",
      "[[ 1.08114041e+02  3.21187360e-05 -6.70475645e-04  1.50062392e-02]\n",
      " [ 3.21187360e-05  1.08113897e+02  3.14646953e-03  3.19353901e-03]\n",
      " [-6.70475645e-04  3.14646953e-03  1.43999889e+00  3.30089316e-09]\n",
      " [ 1.50062392e-02  3.19353901e-03  3.30089316e-09  1.43993654e+00]]\n",
      "[[ 1.08114042e+02  3.29965914e-05 -7.07486888e-04  1.50956956e-02]\n",
      " [ 3.29965914e-05  1.08113898e+02  3.24069738e-03  3.29153806e-03]\n",
      " [-7.07486888e-04  3.24069738e-03  1.44999880e+00  3.41320749e-09]\n",
      " [ 1.50956956e-02  3.29153806e-03  3.41320749e-09  1.44993450e+00]]\n",
      "[[ 1.08114043e+02  3.38751253e-05 -7.45688285e-04  1.51845478e-02]\n",
      " [ 3.38751253e-05  1.08113899e+02  3.33568542e-03  3.39049579e-03]\n",
      " [-7.45688285e-04  3.33568542e-03  1.45999870e+00  3.52709622e-09]\n",
      " [ 1.51845478e-02  3.39049579e-03  3.52709622e-09  1.45993243e+00]]\n",
      "[[ 1.08114044e+02  3.47540269e-05 -7.85096119e-04  1.52727874e-02]\n",
      " [ 3.47540269e-05  1.08113899e+02  3.43143083e-03  3.49041221e-03]\n",
      " [-7.85096119e-04  3.43143083e-03  1.46999859e+00  3.64257660e-09]\n",
      " [ 1.52727874e-02  3.49041221e-03  3.64257660e-09  1.46993033e+00]]\n",
      "[[ 1.08114044e+02  3.56334555e-05 -8.25733072e-04  1.53603947e-02]\n",
      " [ 3.56334555e-05  1.08113900e+02  3.52790673e-03  3.59133554e-03]\n",
      " [-8.25733072e-04  3.52790673e-03  1.47999848e+00  3.75969165e-09]\n",
      " [ 1.53603947e-02  3.59133554e-03  3.75969165e-09  1.47992820e+00]]\n",
      "[[ 1.08114045e+02  3.65124992e-05 -8.67600891e-04  1.54473765e-02]\n",
      " [ 3.65124992e-05  1.08113901e+02  3.62511377e-03  3.69320234e-03]\n",
      " [-8.67600891e-04  3.62511377e-03  1.48999836e+00  3.87843131e-09]\n",
      " [ 1.54473765e-02  3.69320234e-03  3.87843131e-09  1.48992604e+00]]\n",
      "[[ 1.08114046e+02  3.73911662e-05 -9.10723790e-04  1.55337158e-02]\n",
      " [ 3.73911662e-05  1.08113902e+02  3.72304373e-03  3.79604775e-03]\n",
      " [-9.10723790e-04  3.72304373e-03  1.49999823e+00  3.99882876e-09]\n",
      " [ 1.55337158e-02  3.79604775e-03  3.99882876e-09  1.49992385e+00]]\n",
      "[[ 1.08114047e+02  3.82688875e-05 -9.55106161e-04  1.56194114e-02]\n",
      " [ 3.82688875e-05  1.08113903e+02  3.82167486e-03  3.89984251e-03]\n",
      " [-9.55106161e-04  3.82167486e-03  1.50999810e+00  4.12087870e-09]\n",
      " [ 1.56194114e-02  3.89984251e-03  4.12087870e-09  1.50992163e+00]]\n",
      "[[ 1.08114047e+02  3.91451350e-05 -1.00075921e-03  1.57044606e-02]\n",
      " [ 3.91451350e-05  1.08113904e+02  3.92100690e-03  4.00456450e-03]\n",
      " [-1.00075921e-03  3.92100690e-03  1.51999796e+00  4.24457733e-09]\n",
      " [ 1.57044606e-02  4.00456450e-03  4.24457733e-09  1.51991939e+00]]\n",
      "[[ 1.08114048e+02  4.00198775e-05 -1.04770357e-03  1.57888474e-02]\n",
      " [ 4.00198775e-05  1.08113905e+02  4.02102082e-03  4.11024417e-03]\n",
      " [-1.04770357e-03  4.02102082e-03  1.52999781e+00  4.36995042e-09]\n",
      " [ 1.57888474e-02  4.11024417e-03  4.36995042e-09  1.52991711e+00]]\n",
      "[[ 1.08114049e+02  4.08926584e-05 -1.09595074e-03  1.58725670e-02]\n",
      " [ 4.08926584e-05  1.08113906e+02  4.12170948e-03  4.21686681e-03]\n",
      " [-1.09595074e-03  4.12170948e-03  1.53999766e+00  4.49701164e-09]\n",
      " [ 1.58725670e-02  4.21686681e-03  4.49701164e-09  1.53991480e+00]]\n",
      "[[ 1.08114050e+02  4.17632501e-05 -1.14551517e-03  1.59556088e-02]\n",
      " [ 4.17632501e-05  1.08113907e+02  4.22305198e-03  4.32444144e-03]\n",
      " [-1.14551517e-03  4.22305198e-03  1.54999749e+00  4.62577747e-09]\n",
      " [ 1.59556088e-02  4.32444144e-03  4.62577747e-09  1.54991246e+00]]\n",
      "[[ 1.08114050e+02  4.26311492e-05 -1.19640369e-03  1.60379699e-02]\n",
      " [ 4.26311492e-05  1.08113908e+02  4.32503219e-03  4.43294660e-03]\n",
      " [-1.19640369e-03  4.32503219e-03  1.55999732e+00  4.75624410e-09]\n",
      " [ 1.60379699e-02  4.43294660e-03  4.75624410e-09  1.55991010e+00]]\n",
      "[[ 1.08114051e+02  4.34960741e-05 -1.24863137e-03  1.61196409e-02]\n",
      " [ 4.34960741e-05  1.08113909e+02  4.42763712e-03  4.54238664e-03]\n",
      " [-1.24863137e-03  4.42763712e-03  1.56999714e+00  4.88842146e-09]\n",
      " [ 1.61196409e-02  4.54238664e-03  4.88842146e-09  1.56990770e+00]]\n",
      "[[ 1.08114052e+02  4.43575889e-05 -1.30221250e-03  1.62006162e-02]\n",
      " [ 4.43575889e-05  1.08113910e+02  4.53086677e-03  4.65275074e-03]\n",
      " [-1.30221250e-03  4.53086677e-03  1.57999695e+00  5.02232421e-09]\n",
      " [ 1.62006162e-02  4.65275074e-03  5.02232421e-09  1.57990527e+00]]\n",
      "[[ 1.08114052e+02  4.52154336e-05 -1.35716289e-03  1.62808854e-02]\n",
      " [ 4.52154336e-05  1.08113911e+02  4.63470694e-03  4.76404617e-03]\n",
      " [-1.35716289e-03  4.63470694e-03  1.58999675e+00  5.15797411e-09]\n",
      " [ 1.62808854e-02  4.76404617e-03  5.15797411e-09  1.58990280e+00]]\n",
      "[[ 1.08114053e+02  4.60688452e-05 -1.41348706e-03  1.63604542e-02]\n",
      " [ 4.60688452e-05  1.08113912e+02  4.73916412e-03  4.87622516e-03]\n",
      " [-1.41348706e-03  4.73916412e-03  1.59999654e+00  5.29536501e-09]\n",
      " [ 1.63604542e-02  4.87622516e-03  5.29536501e-09  1.59990031e+00]]\n",
      "[[ 1.08114054e+02  4.69178746e-05 -1.47120249e-03  1.64393028e-02]\n",
      " [ 4.69178746e-05  1.08113913e+02  4.84419689e-03  4.98932623e-03]\n",
      " [-1.47120249e-03  4.84419689e-03  1.60999632e+00  5.43451363e-09]\n",
      " [ 1.64393028e-02  4.98932623e-03  5.43451363e-09  1.60989779e+00]]\n",
      "[[ 1.08114054e+02  4.77619412e-05 -1.53031611e-03  1.65174315e-02]\n",
      " [ 4.77619412e-05  1.08113914e+02  4.94980108e-03  5.10332058e-03]\n",
      " [-1.53031611e-03  4.94980108e-03  1.61999609e+00  5.57541920e-09]\n",
      " [ 1.65174315e-02  5.10332058e-03  5.57541920e-09  1.61989523e+00]]\n",
      "[[ 1.08114055e+02  4.86007817e-05 -1.59084232e-03  1.65948300e-02]\n",
      " [ 4.86007817e-05  1.08113916e+02  5.05595941e-03  5.21821463e-03]\n",
      " [-1.59084232e-03  5.05595941e-03  1.62999585e+00  5.71809284e-09]\n",
      " [ 1.65948300e-02  5.21821463e-03  5.71809284e-09  1.62989264e+00]]\n",
      "[[ 1.08114056e+02  4.94341857e-05 -1.65280295e-03  1.66714846e-02]\n",
      " [ 4.94341857e-05  1.08113917e+02  5.16266663e-03  5.33402471e-03]\n",
      " [-1.65280295e-03  5.16266663e-03  1.63999560e+00  5.86257150e-09]\n",
      " [ 1.66714846e-02  5.33402471e-03  5.86257150e-09  1.63989002e+00]]\n",
      "[[ 1.08114056e+02  5.02616023e-05 -1.71619928e-03  1.67473961e-02]\n",
      " [ 5.02616023e-05  1.08113918e+02  5.26990248e-03  5.45072156e-03]\n",
      " [-1.71619928e-03  5.26990248e-03  1.64999534e+00  6.00885107e-09]\n",
      " [ 1.67473961e-02  5.45072156e-03  6.00885107e-09  1.64988736e+00]]\n",
      "[[ 1.08114057e+02  5.10828228e-05 -1.78104855e-03  1.68225514e-02]\n",
      " [ 5.10828228e-05  1.08113919e+02  5.37764985e-03  5.56831908e-03]\n",
      " [-1.78104855e-03  5.37764985e-03  1.65999506e+00  6.15694897e-09]\n",
      " [ 1.68225514e-02  5.56831908e-03  6.15694897e-09  1.65988468e+00]]\n",
      "[[ 1.08114057e+02  5.18975439e-05 -1.84736379e-03  1.68969411e-02]\n",
      " [ 5.18975439e-05  1.08113921e+02  5.48589107e-03  5.68681945e-03]\n",
      " [-1.84736379e-03  5.48589107e-03  1.66999478e+00  6.30688273e-09]\n",
      " [ 1.68969411e-02  5.68681945e-03  6.30688273e-09  1.66988196e+00]]\n",
      "[[ 1.08114058e+02  5.27052850e-05 -1.91515989e-03  1.69705612e-02]\n",
      " [ 5.27052850e-05  1.08113922e+02  5.59463102e-03  5.80620880e-03]\n",
      " [-1.91515989e-03  5.59463102e-03  1.67999448e+00  6.45867428e-09]\n",
      " [ 1.69705612e-02  5.80620880e-03  6.45867428e-09  1.67987921e+00]]\n",
      "[[ 1.08114059e+02  5.35056550e-05 -1.98445442e-03  1.70434039e-02]\n",
      " [ 5.35056550e-05  1.08113923e+02  5.70387023e-03  5.92648391e-03]\n",
      " [-1.98445442e-03  5.70387023e-03  1.68999416e+00  6.61235470e-09]\n",
      " [ 1.70434039e-02  5.92648391e-03  6.61235470e-09  1.68987642e+00]]\n",
      "[[ 1.08114059e+02  5.42982428e-05 -2.05524684e-03  1.71154667e-02]\n",
      " [ 5.42982428e-05  1.08113925e+02  5.81357320e-03  6.04762767e-03]\n",
      " [-2.05524684e-03  5.81357320e-03  1.69999384e+00  6.76791475e-09]\n",
      " [ 1.71154667e-02  6.04762767e-03  6.76791475e-09  1.69987360e+00]]\n",
      "[[ 1.08114060e+02  5.50828574e-05 -2.12755403e-03  1.71867352e-02]\n",
      " [ 5.50828574e-05  1.08113926e+02  5.92371823e-03  6.16965598e-03]\n",
      " [-2.12755403e-03  5.92371823e-03  1.70999350e+00  6.92536895e-09]\n",
      " [ 1.71867352e-02  6.16965598e-03  6.92536895e-09  1.70987075e+00]]\n",
      "[[ 1.08114060e+02  5.58590048e-05 -2.20138434e-03  1.72572077e-02]\n",
      " [ 5.58590048e-05  1.08113928e+02  6.03429858e-03  6.29254920e-03]\n",
      " [-2.20138434e-03  6.03429858e-03  1.71999315e+00  7.08472223e-09]\n",
      " [ 1.72572077e-02  6.29254920e-03  7.08472223e-09  1.71986786e+00]]\n",
      "[[ 1.08114061e+02  5.66263942e-05 -2.27675404e-03  1.73268733e-02]\n",
      " [ 5.66263942e-05  1.08113929e+02  6.14530145e-03  6.41631311e-03]\n",
      " [-2.27675404e-03  6.14530145e-03  1.72999278e+00  7.24599497e-09]\n",
      " [ 1.73268733e-02  6.41631311e-03  7.24599497e-09  1.72986494e+00]]\n",
      "[[ 1.08114062e+02  5.73842864e-05 -2.35366231e-03  1.73957423e-02]\n",
      " [ 5.73842864e-05  1.08113930e+02  6.25673037e-03  6.54089715e-03]\n",
      " [-2.35366231e-03  6.25673037e-03  1.73999240e+00  7.40917261e-09]\n",
      " [ 1.73957423e-02  6.54089715e-03  7.40917261e-09  1.73986199e+00]]\n",
      "[[ 1.08114062e+02  5.81327175e-05 -2.43212595e-03  1.74637917e-02]\n",
      " [ 5.81327175e-05  1.08113932e+02  6.36853890e-03  6.66633967e-03]\n",
      " [-2.43212595e-03  6.36853890e-03  1.74999200e+00  7.57426873e-09]\n",
      " [ 1.74637917e-02  6.66633967e-03  7.57426873e-09  1.74985900e+00]]\n",
      "[[ 1.08114063e+02  5.88714446e-05 -2.51215804e-03  1.75310094e-02]\n",
      " [ 5.88714446e-05  1.08113933e+02  6.48070339e-03  6.79264885e-03]\n",
      " [-2.51215804e-03  6.48070339e-03  1.75999159e+00  7.74130163e-09]\n",
      " [ 1.75310094e-02  6.79264885e-03  7.74130163e-09  1.75985597e+00]]\n",
      "[[ 1.08114063e+02  5.95996927e-05 -2.59376143e-03  1.75974070e-02]\n",
      " [ 5.95996927e-05  1.08113935e+02  6.59324084e-03  6.91977241e-03]\n",
      " [-2.59376143e-03  6.59324084e-03  1.76999116e+00  7.91026566e-09]\n",
      " [ 1.75974070e-02  6.91977241e-03  7.91026566e-09  1.76985291e+00]]\n",
      "[[ 1.08114064e+02  6.03172349e-05 -2.67695145e-03  1.76629717e-02]\n",
      " [ 6.03172349e-05  1.08113937e+02  6.70613054e-03  7.04772156e-03]\n",
      " [-2.67695145e-03  6.70613054e-03  1.77999071e+00  8.08117516e-09]\n",
      " [ 1.76629717e-02  7.04772156e-03  8.08117516e-09  1.77984982e+00]]\n",
      "[[ 1.08114064e+02  6.10237264e-05 -2.76172885e-03  1.77276994e-02]\n",
      " [ 6.10237264e-05  1.08113938e+02  6.81934089e-03  7.17648473e-03]\n",
      " [-2.76172885e-03  6.81934089e-03  1.78999025e+00  8.25402033e-09]\n",
      " [ 1.77276994e-02  7.17648473e-03  8.25402033e-09  1.78984669e+00]]\n",
      "[[ 1.08114065e+02  6.17188672e-05 -2.84811567e-03  1.77915780e-02]\n",
      " [ 6.17188672e-05  1.08113940e+02  6.93287017e-03  7.30607069e-03]\n",
      " [-2.84811567e-03  6.93287017e-03  1.79998977e+00  8.42882937e-09]\n",
      " [ 1.77915780e-02  7.30607069e-03  8.42882937e-09  1.79984353e+00]]\n",
      "[[ 1.08114065e+02  6.24022633e-05 -2.93611550e-03  1.78546048e-02]\n",
      " [ 6.24022633e-05  1.08113941e+02  7.04669768e-03  7.43646480e-03]\n",
      " [-2.93611550e-03  7.04669768e-03  1.80998927e+00  8.60560672e-09]\n",
      " [ 1.78546048e-02  7.43646480e-03  8.60560672e-09  1.80984033e+00]]\n",
      "[[ 1.08114066e+02  6.30736604e-05 -3.02574276e-03  1.79167679e-02]\n",
      " [ 6.30736604e-05  1.08113943e+02  7.16080424e-03  7.56767453e-03]\n",
      " [-3.02574276e-03  7.16080424e-03  1.81998875e+00  8.78437074e-09]\n",
      " [ 1.79167679e-02  7.56767453e-03  8.78437074e-09  1.81983709e+00]]\n",
      "[[ 1.08114066e+02  6.37328205e-05 -3.11701850e-03  1.79780521e-02]\n",
      " [ 6.37328205e-05  1.08113945e+02  7.27517756e-03  7.69971432e-03]\n",
      " [-3.11701850e-03  7.27517756e-03  1.82998822e+00  8.96516236e-09]\n",
      " [ 1.79780521e-02  7.69971432e-03  8.96516236e-09  1.82983382e+00]]\n",
      "[[ 1.08114067e+02  6.43790280e-05 -3.20993832e-03  1.80384718e-02]\n",
      " [ 6.43790280e-05  1.08113947e+02  7.38982304e-03  7.83253043e-03]\n",
      " [-3.20993832e-03  7.38982304e-03  1.83998766e+00  9.14797339e-09]\n",
      " [ 1.80384718e-02  7.83253043e-03  9.14797339e-09  1.83983051e+00]]\n",
      "[[ 1.08114067e+02  6.50123066e-05 -3.30451613e-03  1.80980030e-02]\n",
      " [ 6.50123066e-05  1.08113948e+02  7.50468924e-03  7.96615758e-03]\n",
      " [-3.30451613e-03  7.50468924e-03  1.84998709e+00  9.33281651e-09]\n",
      " [ 1.80980030e-02  7.96615758e-03  9.33281651e-09  1.84982716e+00]]\n",
      "[[ 1.08114068e+02  6.56320476e-05 -3.40076604e-03  1.81566495e-02]\n",
      " [ 6.56320476e-05  1.08113950e+02  7.61979649e-03  8.10056694e-03]\n",
      " [-3.40076604e-03  7.61979649e-03  1.85998649e+00  9.51971234e-09]\n",
      " [ 1.81566495e-02  8.10056694e-03  9.51971234e-09  1.85982378e+00]]\n",
      "[[ 1.08114068e+02  6.62380330e-05 -3.49869085e-03  1.82144020e-02]\n",
      " [ 6.62380330e-05  1.08113952e+02  7.73510627e-03  8.23575963e-03]\n",
      " [-3.49869085e-03  7.73510627e-03  1.86998587e+00  9.70866243e-09]\n",
      " [ 1.82144020e-02  8.23575963e-03  9.70866243e-09  1.86982036e+00]]\n",
      "[[ 1.08114069e+02  6.68299579e-05 -3.59831003e-03  1.82712488e-02]\n",
      " [ 6.68299579e-05  1.08113954e+02  7.85061123e-03  8.37174160e-03]\n",
      " [-3.59831003e-03  7.85061123e-03  1.87998523e+00  9.89969587e-09]\n",
      " [ 1.82712488e-02  8.37174160e-03  9.89969587e-09  1.87981691e+00]]\n",
      "[[ 1.08114069e+02  6.74073264e-05 -3.69962453e-03  1.83271944e-02]\n",
      " [ 6.74073264e-05  1.08113955e+02  7.96630362e-03  8.50848379e-03]\n",
      " [-3.69962453e-03  7.96630362e-03  1.88998457e+00  1.00928134e-08]\n",
      " [ 1.83271944e-02  8.50848379e-03  1.00928134e-08  1.88981341e+00]]\n",
      "[[ 1.08114070e+02  6.79700044e-05 -3.80263196e-03  1.83822279e-02]\n",
      " [ 6.79700044e-05  1.08113957e+02  8.08213174e-03  8.64599038e-03]\n",
      " [-3.80263196e-03  8.08213174e-03  1.89998389e+00  1.02879965e-08]\n",
      " [ 1.83822279e-02  8.64599038e-03  1.02879965e-08  1.89980988e+00]]\n",
      "[[ 1.08114070e+02  6.85175931e-05 -3.90736157e-03  1.84363384e-02]\n",
      " [ 6.85175931e-05  1.08113959e+02  8.19811052e-03  8.78426557e-03]\n",
      " [-3.90736157e-03  8.19811052e-03  1.90998319e+00  1.04852858e-08]\n",
      " [ 1.84363384e-02  8.78426557e-03  1.04852858e-08  1.90980632e+00]]\n",
      "[[ 1.08114071e+02  6.90498106e-05 -4.01381659e-03  1.84895198e-02]\n",
      " [ 6.90498106e-05  1.08113961e+02  8.31421199e-03  8.92330306e-03]\n",
      " [-4.01381659e-03  8.31421199e-03  1.91998246e+00  1.06846953e-08]\n",
      " [ 1.84895198e-02  8.92330306e-03  1.06846953e-08  1.91980271e+00]]\n",
      "[[ 1.08114071e+02  6.95661931e-05 -4.12199285e-03  1.85417788e-02]\n",
      " [ 6.95661931e-05  1.08113963e+02  8.43042343e-03  9.06307092e-03]\n",
      " [-4.12199285e-03  8.43042343e-03  1.92998170e+00  1.08862086e-08]\n",
      " [ 1.85417788e-02  9.06307092e-03  1.08862086e-08  1.92979907e+00]]\n",
      "[[ 1.08114072e+02  7.00665239e-05 -4.23191595e-03  1.85930967e-02]\n",
      " [ 7.00665239e-05  1.08113965e+02  8.54673366e-03  9.20358838e-03]\n",
      " [-4.23191595e-03  8.54673366e-03  1.93998093e+00  1.10898606e-08]\n",
      " [ 1.85930967e-02  9.20358838e-03  1.10898606e-08  1.93979538e+00]]\n",
      "[[ 1.08114072e+02  7.05503665e-05 -4.34357912e-03  1.86434810e-02]\n",
      " [ 7.05503665e-05  1.08113967e+02  8.66312613e-03  9.34482319e-03]\n",
      " [-4.34357912e-03  8.66312613e-03  1.94998012e+00  1.12956406e-08]\n",
      " [ 1.86434810e-02  9.34482319e-03  1.12956406e-08  1.94979166e+00]]\n",
      "[[ 1.08114073e+02  7.10177694e-05 -4.45700042e-03  1.86929024e-02]\n",
      " [ 7.10177694e-05  1.08113969e+02  8.77955072e-03  9.48681458e-03]\n",
      " [-4.45700042e-03  8.77955072e-03  1.95997929e+00  1.15035728e-08]\n",
      " [ 1.86929024e-02  9.48681458e-03  1.15035728e-08  1.95978790e+00]]\n",
      "[[ 1.08114073e+02  7.14680481e-05 -4.57217772e-03  1.87413800e-02]\n",
      " [ 7.14680481e-05  1.08113971e+02  8.89602717e-03  9.62950804e-03]\n",
      " [-4.57217772e-03  8.89602717e-03  1.96997844e+00  1.17136497e-08]\n",
      " [ 1.87413800e-02  9.62950804e-03  1.17136497e-08  1.96978410e+00]]\n",
      "[[ 1.08114074e+02  7.19010866e-05 -4.68914669e-03  1.87888846e-02]\n",
      " [ 7.19010866e-05  1.08113973e+02  9.01253918e-03  9.77294204e-03]\n",
      " [-4.68914669e-03  9.01253918e-03  1.97997755e+00  1.19259345e-08]\n",
      " [ 1.87888846e-02  9.77294204e-03  1.19259345e-08  1.97978027e+00]]\n",
      "[[ 1.08114074e+02  7.23164899e-05 -4.80788100e-03  1.88354324e-02]\n",
      " [ 7.23164899e-05  1.08113975e+02  9.12905368e-03  9.91706848e-03]\n",
      " [-4.80788100e-03  9.12905368e-03  1.98997664e+00  1.21403902e-08]\n",
      " [ 1.88354324e-02  9.91706848e-03  1.21403902e-08  1.98977639e+00]]\n",
      "[[ 1.08114075e+02  7.27142086e-05 -4.92842624e-03  1.88809850e-02]\n",
      " [ 7.27142086e-05  1.08113977e+02  9.24555272e-03  1.00619418e-02]\n",
      " [-4.92842624e-03  9.24555272e-03  1.99997570e+00  1.23570871e-08]\n",
      " [ 1.88809850e-02  1.00619418e-02  1.23570871e-08  1.99977247e+00]]\n",
      "[[ 1.08114075e+02  7.30937280e-05 -5.05075185e-03  1.89255685e-02]\n",
      " [ 7.30937280e-05  1.08113979e+02  9.36201824e-03  1.02074961e-02]\n",
      " [-5.05075185e-03  9.36201824e-03  2.00997474e+00  1.25759826e-08]\n",
      " [ 1.89255685e-02  1.02074961e-02  1.25759826e-08  2.00976852e+00]]\n",
      "[[ 1.08114076e+02  7.34545896e-05 -5.17490768e-03  1.89691650e-02]\n",
      " [ 7.34545896e-05  1.08113981e+02  9.47848355e-03  1.03537476e-02]\n",
      " [-5.17490768e-03  9.47848355e-03  2.01997374e+00  1.27971491e-08]\n",
      " [ 1.89691650e-02  1.03537476e-02  1.27971491e-08  2.01976452e+00]]\n",
      "[[ 1.08114076e+02  7.37968980e-05 -5.30086302e-03  1.90117670e-02]\n",
      " [ 7.37968980e-05  1.08113983e+02  9.59485804e-03  1.05006931e-02]\n",
      " [-5.30086302e-03  9.59485804e-03  2.02997271e+00  1.30205519e-08]\n",
      " [ 1.90117670e-02  1.05006931e-02  1.30205519e-08  2.02976049e+00]]\n",
      "[[ 1.08114077e+02  7.41203118e-05 -5.42863752e-03  1.90533658e-02]\n",
      " [ 7.41203118e-05  1.08113986e+02  9.71114067e-03  1.06483311e-02]\n",
      " [-5.42863752e-03  9.71114067e-03  2.03997165e+00  1.32462042e-08]\n",
      " [ 1.90533658e-02  1.06483311e-02  1.32462042e-08  2.03975641e+00]]\n",
      "[[ 1.08114077e+02  7.44245353e-05 -5.55824492e-03  1.90939535e-02]\n",
      " [ 7.44245353e-05  1.08113988e+02  9.82732066e-03  1.07966589e-02]\n",
      " [-5.55824492e-03  9.82732066e-03  2.04997056e+00  1.34741324e-08]\n",
      " [ 1.90939535e-02  1.07966589e-02  1.34741324e-08  2.04975230e+00]]\n",
      "[[ 1.08114078e+02  7.47092935e-05 -5.68967822e-03  1.91335329e-02]\n",
      " [ 7.47092935e-05  1.08113990e+02  9.94337385e-03  1.09456549e-02]\n",
      " [-5.68967822e-03  9.94337385e-03  2.05996944e+00  1.37043260e-08]\n",
      " [ 1.91335329e-02  1.09456549e-02  1.37043260e-08  2.05974814e+00]]\n",
      "[[ 1.08114078e+02  7.49743517e-05 -5.82294639e-03  1.91720958e-02]\n",
      " [ 7.49743517e-05  1.08113992e+02  1.00592810e-02  1.10953173e-02]\n",
      " [-5.82294639e-03  1.00592810e-02  2.06996828e+00  1.39367900e-08]\n",
      " [ 1.91720958e-02  1.10953173e-02  1.39367900e-08  2.06974394e+00]]\n",
      "[[ 1.08114079e+02  7.52193574e-05 -5.95806574e-03  1.92096369e-02]\n",
      " [ 7.52193574e-05  1.08113994e+02  1.01750415e-02  1.12456386e-02]\n",
      " [-5.95806574e-03  1.01750415e-02  2.07996709e+00  1.41715519e-08]\n",
      " [ 1.92096369e-02  1.12456386e-02  1.41715519e-08  2.07973970e+00]]\n",
      "[[ 1.08114079e+02  7.54440667e-05 -6.09503704e-03  1.92461540e-02]\n",
      " [ 7.54440667e-05  1.08113997e+02  1.02906342e-02  1.13966068e-02]\n",
      " [-6.09503704e-03  1.02906342e-02  2.08996587e+00  1.44086195e-08]\n",
      " [ 1.92461540e-02  1.13966068e-02  1.44086195e-08  2.08973542e+00]]\n",
      "[[ 1.08114080e+02  7.56482397e-05 -6.23384786e-03  1.92816534e-02]\n",
      " [ 7.56482397e-05  1.08113999e+02  1.04060339e-02  1.15481958e-02]\n",
      " [-6.23384786e-03  1.04060339e-02  2.09996461e+00  1.46479625e-08]\n",
      " [ 1.92816534e-02  1.15481958e-02  1.46479625e-08  2.09973110e+00]]\n",
      "[[ 1.08114080e+02  7.58316790e-05 -6.37453075e-03  1.93161111e-02]\n",
      " [ 7.58316790e-05  1.08114001e+02  1.05212285e-02  1.17004300e-02]\n",
      " [-6.37453075e-03  1.05212285e-02  2.10996332e+00  1.48896273e-08]\n",
      " [ 1.93161111e-02  1.17004300e-02  1.48896273e-08  2.10972674e+00]]\n",
      "[[ 1.08114081e+02  7.59942588e-05 -6.51707834e-03  1.93495236e-02]\n",
      " [ 7.59942588e-05  1.08114003e+02  1.06361814e-02  1.18532993e-02]\n",
      " [-6.51707834e-03  1.06361814e-02  2.11996198e+00  1.51336165e-08]\n",
      " [ 1.93495236e-02  1.18532993e-02  1.51336165e-08  2.11972233e+00]]\n",
      "[[ 1.08114082e+02  7.61356738e-05 -6.66151017e-03  1.93818818e-02]\n",
      " [ 7.61356738e-05  1.08114006e+02  1.07508893e-02  1.20068028e-02]\n",
      " [-6.66151017e-03  1.07508893e-02  2.12996062e+00  1.53799647e-08]\n",
      " [ 1.93818818e-02  1.20068028e-02  1.53799647e-08  2.12971788e+00]]\n",
      "[[ 1.08114082e+02  7.62555882e-05 -6.80779619e-03  1.94132125e-02]\n",
      " [ 7.62555882e-05  1.08114008e+02  1.08653401e-02  1.21608830e-02]\n",
      " [-6.80779619e-03  1.08653401e-02  2.13995921e+00  1.56286185e-08]\n",
      " [ 1.94132125e-02  1.21608830e-02  1.56286185e-08  2.13971339e+00]]\n",
      "[[ 1.08114083e+02  7.63539486e-05 -6.95596715e-03  1.94434835e-02]\n",
      " [ 7.63539486e-05  1.08114010e+02  1.09795024e-02  1.23155759e-02]\n",
      " [-6.95596715e-03  1.09795024e-02  2.14995776e+00  1.58796111e-08]\n",
      " [ 1.94434835e-02  1.23155759e-02  1.58796111e-08  2.14970886e+00]]\n",
      "[[ 1.08114083e+02  7.64307680e-05 -7.10606565e-03  1.94726489e-02]\n",
      " [ 7.64307680e-05  1.08114013e+02  1.10933357e-02  1.24709376e-02]\n",
      " [-7.10606565e-03  1.10933357e-02  2.15995628e+00  1.61330466e-08]\n",
      " [ 1.94726489e-02  1.24709376e-02  1.61330466e-08  2.15970429e+00]]\n",
      "[[ 1.08114084e+02  7.64856971e-05 -7.25804580e-03  1.95007488e-02]\n",
      " [ 7.64856971e-05  1.08114015e+02  1.12068310e-02  1.26268903e-02]\n",
      " [-7.25804580e-03  1.12068310e-02  2.16995475e+00  1.63888750e-08]\n",
      " [ 1.95007488e-02  1.26268903e-02  1.63888750e-08  2.16969967e+00]]\n",
      "[[ 1.08114084e+02  7.65183185e-05 -7.41192183e-03  1.95277877e-02]\n",
      " [ 7.65183185e-05  1.08114018e+02  1.13200021e-02  1.27834123e-02]\n",
      " [-7.41192183e-03  1.13200021e-02  2.17995319e+00  1.66470914e-08]\n",
      " [ 1.95277877e-02  1.27834123e-02  1.66470914e-08  2.17969501e+00]]\n",
      "[[ 1.08114085e+02  7.65284057e-05 -7.56770963e-03  1.95537560e-02]\n",
      " [ 7.65284057e-05  1.08114020e+02  1.14328378e-02  1.29405041e-02]\n",
      " [-7.56770963e-03  1.14328378e-02  2.18995158e+00  1.69077210e-08]\n",
      " [ 1.95537560e-02  1.29405041e-02  1.69077210e-08  2.18969031e+00]]\n",
      "[[ 1.08114086e+02  7.65160243e-05 -7.72542967e-03  1.95786198e-02]\n",
      " [ 7.65160243e-05  1.08114022e+02  1.15452871e-02  1.30982016e-02]\n",
      " [-7.72542967e-03  1.15452871e-02  2.19994993e+00  1.71708193e-08]\n",
      " [ 1.95786198e-02  1.30982016e-02  1.71708193e-08  2.19968556e+00]]\n",
      "[[ 1.08114086e+02  7.64807555e-05 -7.88503591e-03  1.96024303e-02]\n",
      " [ 7.64807555e-05  1.08114025e+02  1.16573625e-02  1.32564149e-02]\n",
      " [-7.88503591e-03  1.16573625e-02  2.20994823e+00  1.74363098e-08]\n",
      " [ 1.96024303e-02  1.32564149e-02  1.74363098e-08  2.20968077e+00]]\n",
      "[[ 1.08114087e+02  7.64227692e-05 -8.04657376e-03  1.96251276e-02]\n",
      " [ 7.64227692e-05  1.08114027e+02  1.17690018e-02  1.34152174e-02]\n",
      " [-8.04657376e-03  1.17690018e-02  2.21994649e+00  1.77042499e-08]\n",
      " [ 1.96251276e-02  1.34152174e-02  1.77042499e-08  2.21967593e+00]]\n",
      "[[ 1.08114088e+02  7.63418288e-05 -8.21006228e-03  1.96467009e-02]\n",
      " [ 7.63418288e-05  1.08114030e+02  1.18801957e-02  1.35746102e-02]\n",
      " [-8.21006228e-03  1.18801957e-02  2.22994471e+00  1.79747048e-08]\n",
      " [ 1.96467009e-02  1.35746102e-02  1.79747048e-08  2.22967105e+00]]\n",
      "[[ 1.08114088e+02  7.62377909e-05 -8.37546078e-03  1.96671802e-02]\n",
      " [ 7.62377909e-05  1.08114032e+02  1.19909257e-02  1.37345357e-02]\n",
      " [-8.37546078e-03  1.19909257e-02  2.23994288e+00  1.82476194e-08]\n",
      " [ 1.96671802e-02  1.37345357e-02  1.82476194e-08  2.23966613e+00]]\n",
      "[[ 1.08114089e+02  7.61104511e-05 -8.54279479e-03  1.96865485e-02]\n",
      " [ 7.61104511e-05  1.08114035e+02  1.21011808e-02  1.38950038e-02]\n",
      " [-8.54279479e-03  1.21011808e-02  2.24994100e+00  1.85230148e-08]\n",
      " [ 1.96865485e-02  1.38950038e-02  1.85230148e-08  2.24966116e+00]]\n",
      "[[ 1.08114090e+02  7.59597186e-05 -8.71205538e-03  1.97048085e-02]\n",
      " [ 7.59597186e-05  1.08114037e+02  1.22109377e-02  1.40559971e-02]\n",
      " [-8.71205538e-03  1.22109377e-02  2.25993908e+00  1.88008815e-08]\n",
      " [ 1.97048085e-02  1.40559971e-02  1.88008815e-08  2.25965615e+00]]\n",
      "[[ 1.08114090e+02  7.57856218e-05 -8.88326753e-03  1.97219260e-02]\n",
      " [ 7.57856218e-05  1.08114040e+02  1.23201528e-02  1.42175487e-02]\n",
      " [-8.88326753e-03  1.23201528e-02  2.26993710e+00  1.90812679e-08]\n",
      " [ 1.97219260e-02  1.42175487e-02  1.90812679e-08  2.26965109e+00]]\n",
      "[[ 1.08114091e+02  7.55878303e-05 -9.05638877e-03  1.97379522e-02]\n",
