{
 "cells": [
  {
   "cell_type": "code",
   "execution_count": 1,
   "metadata": {},
   "outputs": [
    {
     "name": "stdout",
     "output_type": "stream",
     "text": [
      "[[2.24999499e-04 0.00000000e+00 0.00000000e+00 2.22771560e-08]\n",
      " [0.00000000e+00 2.24999499e-04 0.00000000e+00 0.00000000e+00]\n",
      " [0.00000000e+00 0.00000000e+00 1.00000000e+00 0.00000000e+00]\n",
      " [2.22771560e-08 0.00000000e+00 0.00000000e+00 9.99999010e-01]]\n",
      "[[9.99997772e-01 0.00000000e+00]\n",
      " [0.00000000e+00 9.99997772e-01]\n",
      " [0.00000000e+00 0.00000000e+00]\n",
      " [9.90095824e-05 0.00000000e+00]]\n",
      "[[ 2.24999494e-04  2.53147950e-18 -5.63873985e-13  2.24996228e-08]\n",
      " [ 2.53147591e-18  2.24999494e-04  1.12755809e-10  1.12516808e-10]\n",
      " [-5.63873985e-13  1.12755809e-10  1.00000000e+00  5.58288719e-17]\n",
      " [ 2.24996228e-08  1.12516808e-10  5.58288719e-17  9.99998011e-01]]\n",
      "[[ 9.99997750e-01  1.12512320e-14]\n",
      " [ 1.12512320e-14  9.99997750e-01]\n",
      " [-2.50610660e-09  5.01136928e-07]\n",
      " [ 9.99983234e-05  5.00074702e-07]]\n",
      "[[ 2.24999494e-04  5.06229467e-18 -2.25287286e-12  2.24987568e-08]\n",
      " [ 5.06251464e-18  2.24999494e-04  2.25243378e-10  2.25031300e-10]\n",
      " [-2.25287286e-12  2.25243378e-10  1.00000000e+00  1.12086486e-16]\n",
      " [ 2.24987568e-08  2.25031300e-10  1.12086486e-16  9.99997011e-01]]\n",
      "[[ 9.99997750e-01  2.24996986e-14]\n",
      " [ 2.24996986e-14  9.99997750e-01]\n",
      " [-1.00127683e-08  1.00108168e-06]\n",
      " [ 9.99944745e-05  1.00013911e-06]]\n",
      "[[ 2.24999494e-04  7.59146206e-18 -5.06701001e-12  2.24973278e-08]\n",
      " [ 7.59180517e-18  2.24999494e-04  3.37733506e-10  3.37526940e-10]\n",
      " [-5.06701001e-12  3.37733506e-10  1.00000000e+00  1.68347215e-16]\n",
      " [ 2.24973278e-08  3.37526940e-10  1.68347215e-16  9.99996012e-01]]\n",
      "[[ 9.99997750e-01  3.37412142e-14]\n",
      " [ 3.37412142e-14  9.99997750e-01]\n",
      " [-2.25200445e-08  1.50103780e-06]\n",
      " [ 9.99881236e-05  1.50011973e-06]]\n",
      "[[ 2.24999494e-04  1.01187965e-17 -9.00614821e-12  2.24953367e-08]\n",
      " [ 1.01189357e-17  2.24999494e-04  4.50214806e-10  4.49999211e-10]\n",
      " [-9.00614821e-12  4.50214806e-10  1.00000000e+00  2.24608722e-16]\n",
      " [ 2.24953367e-08  4.49999211e-10  2.24608722e-16  9.99995012e-01]]\n",
      "[[ 9.99997750e-01  4.49727980e-14]\n",
      " [ 4.49727980e-14  9.99997750e-01]\n",
      " [-4.00273254e-08  2.00095469e-06]\n",
      " [ 9.99792741e-05  1.99999649e-06]]\n",
      "[[ 2.24999494e-04  1.26440532e-17 -1.40687627e-11  2.24927823e-08]\n",
      " [ 1.26441630e-17  2.24999494e-04  5.62571294e-10  5.62498642e-10]\n",
      " [-1.40687627e-11  5.62571294e-10  9.99999999e-01  2.80843904e-16]\n",
      " [ 2.24927823e-08  5.62498642e-10  2.80843904e-16  9.99994012e-01]]\n",
      "[[ 9.99997750e-01  5.61969802e-14]\n",
      " [ 5.61969802e-14  9.99997750e-01]\n",
      " [-6.25278344e-08  2.50031686e-06]\n",
      " [ 9.99679212e-05  2.49999396e-06]]\n",
      "[[ 2.24999494e-04  1.51640408e-17 -2.02557957e-11  2.24896681e-08]\n",
      " [ 1.51643058e-17  2.24999494e-04  6.74994139e-10  6.74888962e-10]\n",
      " [-2.02557957e-11  6.74994139e-10  9.99999998e-01  3.37085792e-16]\n",
      " [ 2.24896681e-08  6.74888962e-10  3.37085792e-16  9.99993013e-01]]\n",
      "[[ 9.99997750e-01  6.73976102e-14]\n",
      " [ 6.73976102e-14  9.99997750e-01]\n",
      " [-9.00257587e-08  2.99997395e-06]\n",
      " [ 9.99540805e-05  2.99950650e-06]]\n",
      "[[ 2.24999494e-04  1.76836760e-17 -2.75706892e-11  2.24859878e-08]\n",
      " [ 1.76836438e-17  2.24999494e-04  7.87349656e-10  7.87393691e-10]\n",
      " [-2.75706892e-11  7.87349656e-10  9.99999997e-01  3.93385084e-16]\n",
      " [ 2.24859878e-08  7.87393691e-10  3.93385083e-16  9.99992013e-01]]\n",
      "[[ 9.99997750e-01  7.85944825e-14]\n",
      " [ 7.85944825e-14  9.99997750e-01]\n",
      " [-1.22536396e-07  3.49933180e-06]\n",
      " [ 9.99377234e-05  3.49952752e-06]]\n",
      "[[ 2.24999494e-04  2.01943948e-17 -3.60018163e-11  2.24817508e-08]\n",
      " [ 2.01950967e-17  2.24999494e-04  8.99591890e-10  8.99723356e-10]\n",
      " [-3.60018163e-11  8.99591890e-10  9.99999996e-01  4.49579404e-16]\n",
      " [ 2.24817508e-08  8.99723356e-10  4.49579404e-16  9.99991014e-01]]\n",
      "[[ 9.99997750e-01  8.97562274e-14]\n",
      " [ 8.97562274e-14  9.99997750e-01]\n",
      " [-1.60008072e-07  3.99818618e-06]\n",
      " [ 9.99188926e-05  3.99877047e-06]]\n",
      "[[ 2.24999494e-04  2.27047264e-17 -4.55636327e-11  2.24769463e-08]\n",
      " [ 2.27047413e-17  2.24999494e-04  1.01181404e-09  1.01217344e-09]\n",
      " [-4.55636327e-11  1.01181404e-09  9.99999994e-01  5.05869056e-16]\n",
      " [ 2.24769463e-08  1.01217344e-09  5.05869056e-16  9.99990014e-01]]\n",
      "[[ 9.99997750e-01  1.00909748e-13]\n",
      " [ 1.00909748e-13  9.99997750e-01]\n",
      " [-2.02505034e-07  4.49695131e-06]\n",
      " [ 9.98975392e-05  4.49854860e-06]]\n",
      "[[ 2.24999494e-04  2.52053662e-17 -5.62405224e-11  2.24715852e-08]\n",
      " [ 2.52055280e-17  2.24999494e-04  1.12390932e-09  1.12448010e-09]\n",
      " [-5.62405224e-11  1.12390932e-09  9.99999991e-01  5.62073957e-16]\n",
      " [ 2.24715852e-08  1.12448010e-09  5.62073958e-16  9.99989014e-01]]\n",
      "[[ 9.99997750e-01  1.12026306e-13]\n",
      " [ 1.12026306e-13  9.99997750e-01]\n",
      " [-2.49957877e-07  4.99515252e-06]\n",
      " [ 9.98737122e-05  4.99768934e-06]]\n",
      "[[ 2.24999494e-04  2.77018121e-17 -6.80418145e-11  2.24656606e-08]\n",
      " [ 2.77021385e-17  2.24999494e-04  1.23593232e-09  1.23680258e-09]\n",
      " [-6.80418145e-11  1.23593232e-09  9.99999989e-01  6.18306895e-16]\n",
      " [ 2.24656606e-08  1.23680258e-09  6.18306895e-16  9.99988015e-01]]\n",
      "[[ 9.99997750e-01  1.23119222e-13]\n",
      " [ 1.23119222e-13  9.99997750e-01]\n",
      " [-3.02408065e-07  5.49303252e-06]\n",
      " [ 9.98473804e-05  5.49690038e-06]]\n",
      "[[ 2.24999494e-04  3.01913449e-17 -8.09635043e-11  2.24591739e-08]\n",
      " [ 3.01907291e-17  2.24999494e-04  1.34783777e-09  1.34910406e-09]\n",
      " [-8.09635043e-11  1.34783777e-09  9.99999985e-01  6.74532366e-16]\n",
      " [ 2.24591739e-08  1.34910406e-09  6.74532367e-16  9.99987015e-01]]\n",
      "[[ 9.99997750e-01  1.34182357e-13]\n",
      " [ 1.34182357e-13  9.99997750e-01]\n",
      " [-3.59837797e-07  5.99039007e-06]\n",
      " [ 9.98185507e-05  5.99601802e-06]]\n",
      "[[ 2.24999494e-04  3.26710136e-17 -9.50044672e-11  2.24521287e-08]\n",
      " [ 3.26714714e-17  2.24999494e-04  1.45966705e-09  1.46132812e-09]\n",
      " [-9.50044672e-11  1.45966705e-09  9.99999981e-01  7.30748359e-16]\n",
      " [ 2.24521287e-08  1.46132812e-09  7.30748361e-16  9.99986016e-01]]\n",
      "[[ 9.99997750e-01  1.45207604e-13]\n",
      " [ 1.45207604e-13  9.99997750e-01]\n",
      " [-4.22242076e-07  6.48740909e-06]\n",
      " [ 9.97872386e-05  6.49479163e-06]]\n",
      "[[ 2.24999494e-04  3.51463289e-17 -1.10170599e-10  2.24445180e-08]\n",
      " [ 3.51454426e-17  2.24999494e-04  1.57139947e-09  1.57358203e-09]\n",
      " [-1.10170599e-10  1.57139947e-09  9.99999976e-01  7.87004098e-16]\n",
      " [ 2.24445180e-08  1.57358203e-09  7.87004098e-16  9.99985016e-01]]\n",
      "[[ 9.99997750e-01  1.56203100e-13]\n",
      " [ 1.56203100e-13  9.99997750e-01]\n",
      " [-4.89647108e-07  6.98399766e-06]\n",
      " [ 9.97534135e-05  6.99369791e-06]]\n",
      "[[ 2.24999494e-04  3.76102492e-17 -1.26452891e-10  2.24363484e-08]\n",
      " [ 3.76104953e-17  2.24999494e-04  1.68299750e-09  1.68576666e-09]\n",
      " [-1.26452891e-10  1.68299750e-09  9.99999971e-01  8.43236519e-16]\n",
      " [ 2.24363484e-08  1.68576666e-09  8.43236518e-16  9.99984017e-01]]\n",
      "[[ 9.99997750e-01  1.67156590e-13]\n",
      " [ 1.67156590e-13  9.99997750e-01]\n",
      " [-5.62012847e-07  7.47998889e-06]\n",
      " [ 9.97171040e-05  7.49229629e-06]]\n",
      "[[ 2.24999494e-04  4.00659001e-17 -1.43854916e-10  2.24276182e-08]\n",
      " [ 4.00651567e-17  2.24999494e-04  1.79448827e-09  1.79790705e-09]\n",
      " [-1.43854916e-10  1.79448827e-09  9.99999964e-01  8.99477433e-16]\n",
      " [ 2.24276182e-08  1.79790705e-09  8.99477433e-16  9.99983017e-01]]\n",
      "[[ 9.99997750e-01  1.78068052e-13]\n",
      " [ 1.78068052e-13  9.99997750e-01]\n",
      " [-6.39355184e-07  7.97550342e-06]\n",
      " [ 9.96783030e-05  7.99069799e-06]]\n",
      "[[ 2.24999494e-04  4.25099463e-17 -1.62374259e-10  2.24183257e-08]\n",
      " [ 4.25105938e-17  2.24999494e-04  1.90581984e-09  1.91002262e-09]\n",
      " [-1.62374259e-10  1.90581984e-09  9.99999957e-01  9.55716239e-16]\n",
      " [ 2.24183257e-08  1.91002262e-09  9.55716239e-16  9.99982017e-01]]\n",
      "[[ 9.99997750e-01  1.88936992e-13]\n",
      " [ 1.88936992e-13  9.99997750e-01]\n",
      " [-7.21663372e-07  8.47031038e-06]\n",
      " [ 9.96370032e-05  8.48898941e-06]]\n",
      "[[ 2.24999494e-04  4.49431774e-17 -1.82009241e-10  2.24084780e-08]\n",
      " [ 4.49445672e-17  2.24999494e-04  2.01705460e-09  2.02203254e-09]\n",
      " [-1.82009241e-10  2.01705460e-09  9.99999949e-01  1.01194900e-15]\n",
      " [ 2.24084780e-08  2.02203254e-09  1.01194900e-15  9.99981018e-01]]\n",
      "[[ 9.99997750e-01  1.99752930e-13]\n",
      " [ 1.99752930e-13  9.99997750e-01]\n",
      " [-8.08929958e-07  8.96468711e-06]\n",
      " [ 9.95932356e-05  8.98681130e-06]]\n",
      "[[ 2.24999494e-04  4.73672046e-17 -2.02758321e-10  2.23980679e-08]\n",
      " [ 4.73669133e-17  2.24999494e-04  2.12809261e-09  2.13402113e-09]\n",
      " [-2.02758321e-10  2.12809261e-09  9.99999940e-01  1.06817380e-15]\n",
      " [ 2.23980679e-08  2.13402113e-09  1.06817380e-15  9.99980018e-01]]\n",
      "[[ 9.99997750e-01  2.10521852e-13]\n",
      " [ 2.10521852e-13  9.99997750e-01]\n",
      " [-9.01148091e-07  9.45818939e-06]\n",
      " [ 9.95469683e-05  9.48453834e-06]]\n",
      "[[ 2.24999494e-04  4.97816268e-17 -2.24627765e-10  2.23870914e-08]\n",
      " [ 4.97805898e-17  2.24999494e-04  2.23896353e-09  2.24602241e-09]\n",
      " [-2.24627765e-10  2.23896353e-09  9.99999930e-01  1.12442845e-15]\n",
      " [ 2.23870914e-08  2.24602241e-09  1.12442845e-15  9.99979019e-01]]\n",
      "[[ 9.99997750e-01  2.21244581e-13]\n",
      " [ 2.21244581e-13  9.99997750e-01]\n",
      " [-9.98345621e-07  9.95094903e-06]\n",
      " [ 9.94981840e-05  9.98232183e-06]]\n",
      "[[ 2.24999494e-04  5.21815229e-17 -2.47622037e-10  2.23755502e-08]\n",
      " [ 5.21804645e-17  2.24999494e-04  2.34972500e-09  2.35801181e-09]\n",
      " [-2.47622037e-10  2.34972500e-09  9.99999919e-01  1.18073525e-15]\n",
      " [ 2.23755502e-08  2.35801181e-09  1.18073525e-15  9.99978019e-01]]\n",
      "[[ 9.99997750e-01  2.31916123e-13]\n",
      " [ 2.31916123e-13  9.99997750e-01]\n",
      " [-1.10054239e-06  1.04432222e-05]\n",
      " [ 9.94468898e-05  1.04800525e-05]]\n",
      "[[ 2.24999494e-04  5.45675693e-17 -2.71719627e-10  2.23634529e-08]\n",
      " [ 5.45691679e-17  2.24999494e-04  2.46025282e-09  2.46990432e-09]\n",
      " [-2.71719627e-10  2.46025282e-09  9.99999907e-01  1.23699419e-15]\n",
      " [ 2.23634529e-08  2.46990432e-09  1.23699420e-15  9.99977020e-01]]\n",
      "[[ 9.99997750e-01  2.42526041e-13]\n",
      " [ 2.42526041e-13  9.99997750e-01]\n",
      " [-1.20764279e-06  1.09344570e-05]\n",
      " [ 9.93931241e-05  1.09773525e-05]]\n",
      "[[ 2.24999494e-04  5.69420714e-17 -2.96931745e-10  2.23507965e-08]\n",
      " [ 5.69423085e-17  2.24999494e-04  2.57062419e-09  2.58173132e-09]\n",
      " [-2.96931745e-10  2.57062419e-09  9.99999894e-01  1.29326567e-15]\n",
      " [ 2.23507965e-08  2.58173132e-09  1.29326568e-15  9.99976020e-01]]\n",
      "[[ 9.99997750e-01  2.53074823e-13]\n",
      " [ 2.53074823e-13  9.99997750e-01]\n",
      " [-1.31969665e-06  1.14249964e-05]\n",
      " [ 9.93368735e-05  1.14743614e-05]]\n",
      "[[ 2.24999494e-04  5.93002566e-17 -3.23258284e-10  2.23375766e-08]\n",
      " [ 5.93015670e-17  2.24999494e-04  2.68079716e-09  2.69352966e-09]\n",
      " [-3.23258284e-10  2.68079716e-09  9.99999880e-01  1.34955301e-15]\n",
      " [ 2.23375766e-08  2.69352966e-09  1.34955302e-15  9.99975021e-01]]\n",
      "[[ 9.99997750e-01  2.63563724e-13]\n",
      " [ 2.63563724e-13  9.99997750e-01]\n",
      " [-1.43670348e-06  1.19146540e-05]\n",
      " [ 9.92781182e-05  1.19712429e-05]]\n",
      "[[ 2.24999494e-04  6.16442827e-17 -3.50682194e-10  2.23238150e-08]\n",
      " [ 6.16439079e-17  2.24999494e-04  2.79081223e-09  2.80512043e-09]\n",
      " [-3.50682194e-10  2.79081223e-09  9.99999864e-01  1.40579079e-15]\n",
      " [ 2.23238150e-08  2.80512043e-09  1.40579080e-15  9.99974021e-01]]\n",
      "[[ 9.99997750e-01  2.73973014e-13]\n",
      " [ 2.73973014e-13  9.99997750e-01]\n",
      " [-1.55858753e-06  1.24036099e-05]\n",
      " [ 9.92169557e-05  1.24672019e-05]]\n",
      "[[ 2.24999494e-04  6.39736315e-17 -3.79223557e-10  2.23094768e-08]\n",
      " [ 6.39733422e-17  2.24999494e-04  2.90054668e-09  2.91678778e-09]\n",
      " [-3.79223557e-10  2.90054668e-09  9.99999848e-01  1.46206812e-15]\n",
      " [ 2.23094768e-08  2.91678778e-09  1.46206813e-15  9.99973021e-01]]\n",
      "[[ 9.99997750e-01  2.84328041e-13]\n",
      " [ 2.84328041e-13  9.99997750e-01]\n",
      " [-1.68543803e-06  1.28913186e-05]\n",
      " [ 9.91532302e-05  1.29635012e-05]]\n",
      "[[ 2.24999494e-04  6.62866123e-17 -4.08878116e-10  2.22945828e-08]\n",
      " [ 6.62874183e-17  2.24999494e-04  3.01013198e-09  3.02836123e-09]\n",
      " [-4.08878116e-10  3.01013198e-09  9.99999830e-01  1.51836977e-15]\n",
      " [ 2.22945828e-08  3.02836123e-09  1.51836978e-15  9.99972022e-01]]\n",
      "[[ 9.99997750e-01  2.94609608e-13]\n",
      " [ 2.94609608e-13  9.99997750e-01]\n",
      " [-1.81723607e-06  1.33783644e-05]\n",
      " [ 9.90870347e-05  1.34593832e-05]]\n",
      "[[ 2.24999494e-04  6.85829912e-17 -4.39632222e-10  2.22791281e-08]\n",
      " [ 6.85841472e-17  2.24999494e-04  3.11942796e-09  3.13987779e-09]\n",
      " [-4.39632222e-10  3.11942796e-09  9.99999810e-01  1.57464963e-15]\n",
      " [ 2.22791281e-08  3.13987779e-09  1.57464963e-15  9.99971022e-01]]\n",
      "[[ 9.99997750e-01  3.04819402e-13]\n",
      " [ 3.04819402e-13  9.99997750e-01]\n",
      " [-1.95392099e-06  1.38641243e-05]\n",
      " [ 9.90183472e-05  1.39550124e-05]]\n",
      "[[ 2.24999494e-04  7.08645033e-17 -4.71482507e-10  2.22631291e-08]\n",
      " [ 7.08625066e-17  2.24999494e-04  3.22853094e-09  3.25122357e-09]\n",
      " [-4.71482507e-10  3.22853094e-09  9.99999789e-01  1.63090326e-15]\n",
      " [ 2.22631291e-08  3.25122357e-09  1.63090326e-15  9.99970023e-01]]\n",
      "[[ 9.99997750e-01  3.14943927e-13]\n",
      " [ 3.14943927e-13  9.99997750e-01]\n",
      " [-2.09547781e-06  1.43490264e-05]\n",
      " [ 9.89472403e-05  1.44498825e-05]]\n",
      "[[ 2.24999494e-04  7.31224162e-17 -5.04426108e-10  2.22465799e-08]\n",
      " [ 7.31214627e-17  2.24999494e-04  3.33737887e-09  3.36244583e-09]\n",
      " [-5.04426108e-10  3.33737887e-09  9.99999767e-01  1.68712910e-15]\n",
      " [ 2.22465799e-08  3.36244583e-09  1.68712910e-15  9.99969023e-01]]\n",
      "[[ 9.99997750e-01  3.24985669e-13]\n",
      " [ 3.24985669e-13  9.99997750e-01]\n",
      " [-2.24189381e-06  1.48327950e-05]\n",
      " [ 9.88736883e-05  1.49442037e-05]]\n",
      "[[ 2.24999494e-04  7.53646697e-17 -5.38471886e-10  2.22294685e-08]\n",
      " [ 7.53644255e-17  2.24999494e-04  3.44595054e-09  3.47362611e-09]\n",
      " [-5.38471886e-10  3.44595054e-09  9.99999743e-01  1.74336414e-15]\n",
      " [ 2.22294685e-08  3.47362611e-09  1.74336415e-15  9.99968024e-01]]\n",
      "[[ 9.99997750e-01  3.34950148e-13]\n",
      " [ 3.34950148e-13  9.99997750e-01]\n",
      " [-2.39320838e-06  1.53153357e-05]\n",
      " [ 9.87976376e-05  1.54383383e-05]]\n",
      "[[ 2.24999494e-04  7.75857640e-17 -5.73624344e-10  2.22117974e-08]\n",
      " [ 7.75868446e-17  2.24999494e-04  3.55429213e-09  3.58474409e-09]\n",
      " [-5.73624344e-10  3.55429213e-09  9.99999717e-01  1.79962698e-15]\n",
      " [ 2.22117974e-08  3.58474409e-09  1.79962699e-15  9.99967024e-01]]\n",
      "[[ 9.99997750e-01  3.44832916e-13]\n",
      " [ 3.44832916e-13  9.99997750e-01]\n",
      " [-2.54944153e-06  1.57968539e-05]\n",
      " [ 9.87190996e-05  1.59321960e-05]]\n",
      "[[ 2.24999494e-04  7.97904533e-17 -6.09865678e-10  2.21935737e-08]\n",
      " [ 7.97909820e-17  2.24999494e-04  3.66233609e-09  3.69575552e-09]\n",
      " [-6.09865678e-10  3.66233609e-09  9.99999690e-01  1.85586608e-15]\n",
      " [ 2.21935737e-08  3.69575552e-09  1.85586611e-15  9.99966025e-01]]\n",
      "[[ 9.99997750e-01  3.54627892e-13]\n",
      " [ 3.54627892e-13  9.99997750e-01]\n",
      " [-2.71051412e-06  1.62770493e-05]\n",
      " [ 9.86381053e-05  1.64255801e-05]]\n",
      "[[ 2.24999494e-04  8.19739368e-17 -6.47204289e-10  2.21747970e-08]\n",
      " [ 8.19749126e-17  2.24999494e-04  3.77013176e-09  3.80666369e-09]\n",
      " [-6.47204289e-10  3.77013176e-09  9.99999661e-01  1.91211375e-15]\n",
      " [ 2.21747970e-08  3.80666369e-09  1.91211377e-15  9.99965025e-01]]\n",
      "[[ 9.99997750e-01  3.64332892e-13]\n",
      " [ 3.64332892e-13  9.99997750e-01]\n",
      " [-2.87646351e-06  1.67561412e-05]\n",
      " [ 9.85546533e-05  1.69185053e-05]]\n",
      "[[ 2.24999494e-04  8.41388421e-17 -6.85632450e-10  2.21554610e-08]\n",
      " [ 8.41395680e-17  2.24999494e-04  3.87759614e-09  3.91750518e-09]\n",
      " [-6.85632450e-10  3.87759614e-09  9.99999631e-01  1.96835262e-15]\n",
      " [ 2.21554610e-08  3.91750518e-09  1.96835263e-15  9.99964026e-01]]\n",
      "[[ 9.99997750e-01  3.73949551e-13]\n",
      " [ 3.73949551e-13  9.99997750e-01]\n",
      " [-3.04725534e-06  1.72337606e-05]\n",
      " [ 9.84687155e-05  1.74111342e-05]]\n",
      "[[ 2.24999494e-04  8.62802116e-17 -7.25170766e-10  2.21355669e-08]\n",
      " [ 8.62809831e-17  2.24999494e-04  3.98485270e-09  4.02827085e-09]\n",
      " [-7.25170766e-10  3.98485270e-09  9.99999598e-01  2.02464631e-15]\n",
      " [ 2.21355669e-08  4.02827085e-09  2.02464633e-15  9.99963026e-01]]\n",
      "[[ 9.99997750e-01  3.83474026e-13]\n",
      " [ 3.83474026e-13  9.99997750e-01]\n",
      " [-3.22298118e-06  1.77104564e-05]\n",
      " [ 9.83802972e-05  1.79034260e-05]]\n",
      "[[ 2.24999494e-04  8.83988529e-17 -7.65771878e-10  2.21151306e-08]\n",
      " [ 8.84022483e-17  2.24999494e-04  4.09172830e-09  4.13887331e-09]\n",
      " [-7.65771878e-10  4.09172830e-09  9.99999564e-01  2.08086664e-15]\n",
      " [ 2.21151306e-08  4.13887331e-09  2.08086666e-15  9.99962027e-01]]\n",
      "[[ 9.99997750e-01  3.92897191e-13]\n",
      " [ 3.92897191e-13  9.99997750e-01]\n",
      " [-3.40343057e-06  1.81854591e-05]\n",
      " [ 9.82894694e-05  1.83949925e-05]]\n",
      "[[ 2.24999494e-04  9.04987702e-17 -8.07458511e-10  2.20941448e-08]\n",
      " [ 9.04990464e-17  2.24999494e-04  4.19830799e-09  4.24935600e-09]\n",
      " [-8.07458511e-10  4.19830799e-09  9.99999528e-01  2.13708506e-15]\n",
      " [ 2.20941448e-08  4.24935600e-09  2.13708509e-15  9.99961027e-01]]\n",
      "[[ 9.99997750e-01  4.02220378e-13]\n",
      " [ 4.02220378e-13  9.99997750e-01]\n",
      " [-3.58870449e-06  1.86591466e-05]\n",
      " [ 9.81961992e-05  1.88860267e-05]]\n",
      "[[ 2.24999494e-04  9.25741345e-17 -8.50235158e-10  2.20726093e-08]\n",
      " [ 9.25733775e-17  2.24999494e-04  4.30461214e-09  4.35972112e-09]\n",
      " [-8.50235158e-10  4.30461214e-09  9.99999490e-01  2.19331870e-15]\n",
      " [ 2.20726093e-08  4.35972112e-09  2.19331872e-15  9.99960028e-01]]\n",
      "[[ 9.99997750e-01  4.11441481e-13]\n",
      " [ 4.11441481e-13  9.99997750e-01]\n",
      " [-3.77882292e-06  1.91316095e-05]\n",
      " [ 9.81004859e-05  1.93765383e-05]]\n",
      "[[ 2.24999494e-04  9.46251623e-17 -8.94113287e-10  2.20504956e-08]\n",
      " [ 9.46269713e-17  2.24999494e-04  4.41054959e-09  4.47010983e-09]\n",
      " [-8.94113287e-10  4.41054959e-09  9.99999451e-01  2.24960166e-15]\n",
      " [ 2.20504956e-08  4.47010983e-09  2.24960168e-15  9.99959028e-01]]\n",
      "[[ 9.99997750e-01  4.20571746e-13]\n",
      " [ 4.20571746e-13  9.99997750e-01]\n",
      " [-3.97383683e-06  1.96024426e-05]\n",
      " [ 9.80022027e-05  1.98671548e-05]]\n",
      "[[ 2.24999494e-04  9.66568291e-17 -9.39059197e-10  2.20278398e-08]\n",
      " [ 9.66568032e-17  2.24999494e-04  4.51613894e-09  4.58033860e-09]\n",
      " [-9.39059197e-10  4.51613894e-09  9.99999409e-01  2.30585188e-15]\n",
      " [ 2.20278398e-08  4.58033860e-09  2.30585191e-15  9.99958028e-01]]\n",
      "[[ 9.99997750e-01  4.29592335e-13]\n",
      " [ 4.29592335e-13  9.99997750e-01]\n",
      " [-4.17359643e-06  2.00717286e-05]\n",
      " [ 9.79015101e-05  2.03570604e-05]]\n",
      "[[ 2.24999494e-04  9.86633089e-17 -9.85089589e-10  2.20046379e-08]\n",
      " [ 9.86631394e-17  2.24999494e-04  4.62144039e-09  4.69042934e-09]\n",
      " [-9.85089589e-10  4.62144039e-09  9.99999365e-01  2.36211731e-15]\n",
      " [ 2.20046379e-08  4.69042934e-09  2.36211732e-15  9.99957029e-01]]\n",
      "[[ 9.99997750e-01  4.38502661e-13]\n",
      " [ 4.38502661e-13  9.99997750e-01]\n",
      " [-4.37817595e-06  2.05397351e-05]\n",
      " [ 9.77983905e-05  2.08463526e-05]]\n",
      "[[ 2.24999494e-04  1.00641444e-16 -1.03218528e-09  2.19808950e-08]\n",
      " [ 1.00641556e-16  2.24999494e-04  4.72638636e-09  4.80036003e-09]\n",
      " [-1.03218528e-09  4.72638636e-09  9.99999318e-01  2.41835707e-15]\n",
      " [ 2.19808950e-08  4.80036003e-09  2.41835708e-15  9.99956029e-01]]\n",
      "[[ 9.99997750e-01  4.47299289e-13]\n",
      " [ 4.47299289e-13  9.99997750e-01]\n",
      " [-4.58749011e-06  2.10061616e-05]\n",
      " [ 9.76928668e-05  2.13349334e-05]]\n",
      "[[ 2.24999494e-04  1.02595453e-16 -1.08034563e-09  2.19566034e-08]\n",
      " [ 1.02596231e-16  2.24999494e-04  4.83093784e-09  4.91016885e-09]\n",
      " [-1.08034563e-09  4.83093784e-09  9.99999270e-01  2.47457719e-15]\n",
      " [ 2.19566034e-08  4.91016885e-09  2.47457719e-15  9.99955030e-01]]\n",
      "[[ 9.99997750e-01  4.55983965e-13]\n",
      " [ 4.55983965e-13  9.99997750e-01]\n",
      " [-4.80153613e-06  2.14708348e-05]\n",
      " [ 9.75849039e-05  2.18229727e-05]]\n",
      "[[ 2.24999494e-04  1.04524427e-16 -1.12957187e-09  2.19317701e-08]\n",
      " [ 1.04523446e-16  2.24999494e-04  4.93513458e-09  5.01982470e-09]\n",
      " [-1.12957187e-09  4.93513458e-09  9.99999220e-01  2.53078682e-15]\n",
      " [ 2.19317701e-08  5.01982470e-09  2.53078683e-15  9.99954030e-01]]\n",
      "[[ 9.99997750e-01  4.64551595e-13]\n",
      " [ 4.64551595e-13  9.99997750e-01]\n",
      " [-5.02031942e-06  2.19339315e-05]\n",
      " [ 9.74745337e-05  2.23103320e-05]]\n",
      "[[ 2.24999494e-04  1.06422489e-16 -1.17986858e-09  2.19063914e-08]\n",
      " [ 1.06426252e-16  2.24999494e-04  5.03897920e-09  5.12934503e-09]\n",
      " [-1.17986858e-09  5.03897920e-09  9.99999167e-01  2.58700222e-15]\n",
      " [ 2.19063914e-08  5.12934503e-09  2.58700220e-15  9.99953031e-01]]\n",
      "[[ 9.99997750e-01  4.73001689e-13]\n",
      " [ 4.73001689e-13  9.99997750e-01]\n",
      " [-5.24386036e-06  2.23954631e-05]\n",
      " [ 9.73617398e-05  2.27970890e-05]]\n",
      "[[ 2.24999494e-04  1.08302618e-16 -1.23125582e-09  2.18804330e-08]\n",
      " [ 1.08301475e-16  2.24999494e-04  5.14240404e-09  5.23887470e-09]\n",
      " [-1.23125582e-09  5.14240404e-09  9.99999112e-01  2.64327290e-15]\n",
      " [ 2.18804330e-08  5.23887470e-09  2.64327287e-15  9.99952031e-01]]\n",
      "[[ 9.99997750e-01  4.81345445e-13]\n",
      " [ 4.81345445e-13  9.99997750e-01]\n",
      " [-5.47224809e-06  2.28551290e-05]\n",
      " [ 9.72463687e-05  2.32838876e-05]]\n",
      "[[ 2.24999494e-04  1.10151165e-16 -1.28368212e-09  2.18539558e-08]\n",
      " [ 1.10151603e-16  2.24999494e-04  5.24546031e-09  5.34815453e-09]\n",
      " [-1.28368212e-09  5.24546031e-09  9.99999054e-01  2.69949034e-15]\n",
      " [ 2.18539558e-08  5.34815453e-09  2.69949029e-15  9.99951032e-01]]\n",
      "[[ 9.99997750e-01  4.89557985e-13]\n",
      " [ 4.89557984e-13  9.99997750e-01]\n",
      " [-5.70525386e-06  2.33131569e-05]\n",
      " [ 9.71286926e-05  2.37695757e-05]]\n",
      "[[ 2.24999494e-04  1.11972713e-16 -1.33719430e-09  2.18269112e-08]\n",
      " [ 1.11973418e-16  2.24999494e-04  5.34813063e-09  5.45738749e-09]\n",
      " [-1.33719430e-09  5.34813063e-09  9.99998994e-01  2.75576157e-15]\n",
      " [ 2.18269112e-08  5.45738749e-09  2.75576154e-15  9.99950032e-01]]\n",
      "[[ 9.99997750e-01  4.97654967e-13]\n",
      " [ 4.97654967e-13  9.99997750e-01]\n",
      " [-5.94308578e-06  2.37694695e-05]\n",
      " [ 9.70084942e-05  2.42550555e-05]]\n",
      "[[ 2.24999494e-04  1.13765194e-16 -1.39174701e-09  2.17993324e-08]\n",
      " [ 1.13764657e-16  2.24999494e-04  5.45037221e-09  5.56643738e-09]\n",
      " [-1.39174701e-09  5.45037221e-09  9.99998932e-01  2.81199595e-15]\n",
      " [ 2.17993324e-08  5.56643738e-09  2.81199591e-15  9.99949033e-01]]\n",
      "[[ 9.99997750e-01  5.05623362e-13]\n",
      " [ 5.05623362e-13  9.99997750e-01]\n",
      " [-6.18554225e-06  2.42238765e-05]\n",
      " [ 9.68859218e-05  2.47397217e-05]]\n",
      "[[ 2.24999494e-04  1.15527765e-16 -1.44734518e-09  2.17712244e-08]\n",
      " [ 1.15529152e-16  2.24999494e-04  5.55222520e-09  5.67528793e-09]\n",
      " [-1.44734518e-09  5.55222520e-09  9.99998867e-01  2.86821056e-15]\n",
      " [ 2.17712244e-08  5.67528793e-09  2.86821055e-15  9.99948033e-01]]\n",
      "[[ 9.99997750e-01  5.13459524e-13]\n",
      " [ 5.13459524e-13  9.99997750e-01]\n",
      " [-6.43264523e-06  2.46765565e-05]\n",
      " [ 9.67609975e-05  2.52235019e-05]]\n",
      "[[ 2.24999494e-04  1.17263949e-16 -1.50401034e-09  2.17425554e-08]\n",
      " [ 1.17262775e-16  2.24999494e-04  5.65364351e-09  5.78406260e-09]\n",
      " [-1.50401034e-09  5.65364351e-09  9.99998799e-01  2.92445517e-15]\n",
      " [ 2.17425554e-08  5.78406260e-09  2.92445514e-15  9.99947034e-01]]\n",
      "[[ 9.99997750e-01  5.21172509e-13]\n",
      " [ 5.21172509e-13  9.99997750e-01]\n",
      " [-6.68449038e-06  2.51273045e-05]\n",
      " [ 9.66335795e-05  2.57069449e-05]]\n",
      "[[ 2.24999494e-04  1.18970165e-16 -1.56172383e-09  2.17133472e-08]\n",
      " [ 1.18969731e-16  2.24999494e-04  5.75464339e-09  5.89267648e-09]\n",
      " [-1.56172383e-09  5.75464339e-09  9.99998729e-01  2.98069706e-15]\n",
      " [ 2.17133472e-08  5.89267648e-09  2.98069703e-15  9.99946034e-01]]\n",
      "[[ 9.99997750e-01  5.28753158e-13]\n",
      " [ 5.28753158e-13  9.99997750e-01]\n",
      " [-6.94099480e-06  2.55761928e-05]\n",
      " [ 9.65037654e-05  2.61896733e-05]]\n",
      "[[ 2.24999494e-04  1.20650739e-16 -1.62048905e-09  2.16835863e-08]\n",
      " [ 1.20646054e-16  2.24999494e-04  5.85518462e-09  6.00117955e-09]\n",
      " [-1.62048905e-09  5.85518462e-09  9.99998656e-01  3.03694879e-15]\n",
      " [ 2.16835863e-08  6.00117955e-09  3.03694878e-15  9.99945035e-01]]\n",
      "[[ 9.99997750e-01  5.36204321e-13]\n",
      " [ 5.36204321e-13  9.99997750e-01]\n",
      " [-7.20217357e-06  2.60230428e-05]\n",
      " [ 9.63714947e-05  2.66719091e-05]]\n",
      "[[ 2.24999494e-04  1.22288074e-16 -1.68028376e-09  2.16532921e-08]\n",
      " [ 1.22292415e-16  2.24999494e-04  5.95526138e-09  6.10950093e-09]\n",
      " [-1.68028376e-09  5.95526138e-09  9.99998581e-01  3.09317352e-15]\n",
      " [ 2.16532921e-08  6.10950093e-09  3.09317350e-15  9.99944035e-01]]\n",
      "[[ 9.99997750e-01  5.43518528e-13]\n",
      " [ 5.43518528e-13  9.99997750e-01]\n",
      " [-7.46792781e-06  2.64678284e-05]\n",
      " [ 9.62368537e-05  2.71533375e-05]]\n",
      "[[ 2.24999494e-04  1.23906825e-16 -1.74112013e-09  2.16224516e-08]\n",
      " [ 1.23908057e-16  2.24999494e-04  6.05486982e-09  6.21768709e-09]\n",
      " [-1.74112014e-09  6.05486982e-09  9.99998503e-01  3.14940076e-15]\n",
      " [ 2.16224516e-08  6.21768709e-09  3.14940073e-15  9.99943036e-01]]\n",
      "[[ 9.99997750e-01  5.50697892e-13]\n",
      " [ 5.50697892e-13  9.99997750e-01]\n",
      " [-7.73831171e-06  2.69105325e-05]\n",
      " [ 9.60997850e-05  2.76341648e-05]]\n",
      "[[ 2.24999494e-04  1.25493747e-16 -1.80299610e-09  2.15910745e-08]\n",
      " [ 1.25491615e-16  2.24999494e-04  6.15403748e-09  6.32570458e-09]\n",
      " [-1.80299610e-09  6.15403748e-09  9.99998421e-01  3.20563170e-15]\n",
      " [ 2.15910745e-08  6.32570458e-09  3.20563170e-15  9.99942036e-01]]\n",
      "[[ 9.99997750e-01  5.57737567e-13]\n",
      " [ 5.57737567e-13  9.99997750e-01]\n",
      " [-8.01331600e-06  2.73512777e-05]\n",
      " [ 9.59603310e-05  2.81142426e-05]]\n",
      "[[ 2.24999494e-04  1.27045221e-16 -1.86591489e-09  2.15591493e-08]\n",
      " [ 1.27043801e-16  2.24999494e-04  6.25273379e-09  6.43359194e-09]\n",
      " [-1.86591489e-09  6.25273379e-09  9.99998337e-01  3.26187784e-15]\n",
      " [ 2.15591493e-08  6.43359194e-09  3.26187779e-15  9.99941037e-01]]\n",
      "[[ 9.99997750e-01  5.64639375e-13]\n",
      " [ 5.64639375e-13  9.99997750e-01]\n",
      " [-8.29295508e-06  2.77899280e-05]\n",
      " [ 9.58184413e-05  2.85937419e-05]]\n",
      "[[ 2.24999494e-04  1.28562957e-16 -1.92984683e-09  2.15267175e-08]\n",
      " [ 1.28562032e-16  2.24999494e-04  6.35100543e-09  6.54121116e-09]\n",
      " [-1.92984683e-09  6.35100543e-09  9.99998251e-01  3.31809080e-15]\n",
      " [ 2.15267175e-08  6.54121116e-09  3.31809076e-15  9.99940038e-01]]\n",
      "[[ 9.99997750e-01  5.71390043e-13]\n",
      " [ 5.71390043e-13  9.99997750e-01]\n",
      " [-8.57709703e-06  2.82266908e-05]\n",
      " [ 9.56743002e-05  2.90720496e-05]]\n",
      "[[ 2.24999494e-04  1.30045022e-16 -1.99481381e-09  2.14937263e-08]\n",
      " [ 1.30051814e-16  2.24999494e-04  6.44873912e-09  6.64873881e-09]\n",
      " [-1.99481381e-09  6.44873912e-09  9.99998161e-01  3.37431731e-15]\n",
      " [ 2.14937263e-08  6.64873881e-09  3.37431729e-15  9.99939038e-01]]\n",
      "[[ 9.99997750e-01  5.78003677e-13]\n",
      " [ 5.78003677e-13  9.99997750e-01]\n",
      " [-8.86583915e-06  2.86610628e-05]\n",
      " [ 9.55276726e-05  2.95499503e-05]]\n",
      "[[ 2.24999494e-04  1.31503383e-16 -2.06079083e-09  2.14602153e-08]\n",
      " [ 1.31504565e-16  2.24999494e-04  6.54599157e-09  6.75604520e-09]\n",
      " [-2.06079083e-09  6.54599157e-09  9.99998068e-01  3.43051861e-15]\n",
      " [ 2.14602153e-08  6.75604520e-09  3.43051859e-15  9.99938039e-01]]\n",
      "[[ 9.99997750e-01  5.84467659e-13]\n",
      " [ 5.84467659e-13  9.99997750e-01]\n",
      " [-9.15907036e-06  2.90932959e-05]\n",
      " [ 9.53787347e-05  3.00268675e-05]]\n",
      "[[ 2.24999494e-04  1.32931652e-16 -2.12778799e-09  2.14261657e-08]\n",
      " [ 1.32927876e-16  2.24999494e-04  6.64273128e-09  6.86319167e-09]\n",
      " [-2.12778799e-09  6.64273128e-09  9.99997972e-01  3.48671885e-15]\n",
      " [ 2.14261657e-08  6.86319167e-09  3.48671881e-15  9.99937039e-01]]\n",
      "[[ 9.99997750e-01  5.90785727e-13]\n",
      " [ 5.90785727e-13  9.99997750e-01]\n",
      " [-9.45683551e-06  2.95232501e-05]\n",
      " [ 9.52274030e-05  3.05030741e-05]]\n",
      "[[ 2.24999494e-04  1.34316254e-16 -2.19582468e-09  2.13915651e-08]\n",
      " [ 1.34314720e-16  2.24999494e-04  6.73897754e-09  6.97021564e-09]\n",
      " [-2.19582468e-09  6.73897754e-09  9.99997873e-01  3.54295544e-15]\n",
      " [ 2.13915651e-08  6.97021564e-09  3.54295543e-15  9.99936040e-01]]\n",
      "[[ 9.99997750e-01  5.96958730e-13]\n",
      " [ 5.96958730e-13  9.99997750e-01]\n",
      " [-9.75922082e-06  2.99510113e-05]\n",
      " [ 9.50736227e-05  3.09787362e-05]]\n",
      "[[ 2.24999494e-04  1.35673720e-16 -2.26485532e-09  2.13564450e-08]\n",
      " [ 1.35671539e-16  2.24999494e-04  6.83469314e-09  7.07701973e-09]\n",
      " [-2.26485532e-09  6.83469314e-09  9.99997770e-01  3.59915820e-15]\n",
      " [ 2.13564450e-08  7.07701973e-09  3.59915823e-15  9.99935040e-01]]\n",
      "[[ 9.99997750e-01  6.02978559e-13]\n",
      " [ 6.02978559e-13  9.99997750e-01]\n",
      " [-1.00660237e-05  3.03764139e-05]\n",
      " [ 9.49175334e-05  3.14534210e-05]]\n",
      "[[ 2.24999494e-04  1.36989226e-16 -2.33490534e-09  2.13207791e-08]\n",
      " [ 1.36990803e-16  2.24999494e-04  6.92987041e-09  7.18368426e-09]\n",
      " [-2.33490534e-09  6.92987041e-09  9.99997665e-01  3.65537536e-15]\n",
      " [ 2.13207791e-08  7.18368426e-09  3.65537539e-15  9.99934041e-01]]\n",
      "[[ 9.99997750e-01  6.08849862e-13]\n",
      " [ 6.08849862e-13  9.99997750e-01]\n",
      " [-1.03773571e-05  3.07994241e-05]\n",
      " [ 9.47590181e-05  3.19274856e-05]]\n",
      "[[ 2.24999494e-04  1.38275100e-16 -2.40596695e-09  2.12845703e-08]\n",
      " [ 1.38277390e-16  2.24999494e-04  7.02449617e-09  7.29019866e-09]\n",
      " [-2.40596695e-09  7.02449617e-09  9.99997556e-01  3.71159965e-15]\n",
      " [ 2.12845703e-08  7.29019866e-09  3.71159967e-15  9.99933041e-01]]\n",
      "[[ 9.99997750e-01  6.14570620e-13]\n",
      " [ 6.14570620e-13  9.99997750e-01]\n",
      " [-1.06931864e-05  3.12199830e-05]\n",
      " [ 9.45980901e-05  3.24008829e-05]]\n",
      "[[ 2.24999494e-04  1.39534452e-16 -2.47804305e-09  2.12478307e-08]\n",
      " [ 1.39532017e-16  2.24999494e-04  7.11861681e-09  7.39652669e-09]\n",
      " [-2.47804305e-09  7.11861681e-09  9.99997444e-01  3.76783999e-15]\n",
      " [ 2.12478307e-08  7.39652669e-09  3.76784005e-15  9.99932042e-01]]\n",
      "[[ 9.99997750e-01  6.20135751e-13]\n",
      " [ 6.20135751e-13  9.99997750e-01]\n",
      " [-1.10135247e-05  3.16382969e-05]\n",
      " [ 9.44348031e-05  3.28734519e-05]]\n",
      "[[ 2.24999494e-04  1.40746905e-16 -2.55114084e-09  2.12105556e-08]\n",
      " [ 1.40747044e-16  2.24999494e-04  7.21223618e-09  7.50268199e-09]\n",
      " [-2.55114084e-09  7.21223618e-09  9.99997328e-01  3.82411231e-15]\n",
      " [ 2.12105556e-08  7.50268199e-09  3.82411235e-15  9.99931042e-01]]\n",
      "[[ 9.99997750e-01  6.25544659e-13]\n",
      " [ 6.25544659e-13  9.99997750e-01]\n",
      " [-1.13384037e-05  3.20543830e-05]\n",
      " [ 9.42691358e-05  3.33452533e-05]]\n",
      "[[ 2.24999494e-04  1.41925087e-16 -2.62521745e-09  2.11727578e-08]\n",
      " [ 1.41929114e-16  2.24999494e-04  7.30527148e-09  7.60862802e-09]\n",
      " [-2.62521745e-09  7.30527147e-09  9.99997209e-01  3.88035667e-15]\n",
      " [ 2.11727578e-08  7.60862802e-09  3.88035670e-15  9.99930043e-01]]\n",
      "[[ 9.99997750e-01  6.30795241e-13]\n",
      " [ 6.30795241e-13  9.99997750e-01]\n",
      " [-1.16676331e-05  3.24678732e-05]\n",
      " [ 9.41011457e-05  3.38161245e-05]]\n",
      "[[ 2.24999494e-04  1.43076175e-16 -2.70029933e-09  2.11344133e-08]\n",
      " [ 1.43075697e-16  2.24999494e-04  7.39772472e-09  7.71443167e-09]\n",
      " [-2.70029933e-09  7.39772472e-09  9.99997087e-01  3.93661962e-15]\n",
      " [ 2.11344133e-08  7.71443167e-09  3.93661965e-15  9.99929043e-01]]\n",
      "[[ 9.99997750e-01  6.35890789e-13]\n",
      " [ 6.35890789e-13  9.99997750e-01]\n",
      " [-1.20013303e-05  3.28787766e-05]\n",
      " [ 9.39307257e-05  3.42863630e-05]]\n",
      "[[ 2.24999494e-04  1.44182502e-16 -2.77636775e-09  2.10955465e-08]\n",
      " [ 1.44185417e-16  2.24999494e-04  7.48961759e-09  7.82002474e-09]\n",
      " [-2.77636775e-09  7.48961759e-09  9.99996961e-01  3.99287765e-15]\n",
      " [ 2.10955465e-08  7.82002474e-09  3.99287770e-15  9.99928044e-01]]\n",
      "[[ 9.99997750e-01  6.40824760e-13]\n",
      " [ 6.40824760e-13  9.99997750e-01]\n",
      " [-1.23394122e-05  3.32871893e-05]\n",
      " [ 9.37579844e-05  3.47556655e-05]]\n",
      "[[ 2.24999494e-04  1.45257410e-16 -2.85343556e-09  2.10561412e-08]\n",
      " [ 1.45259005e-16  2.24999494e-04  7.58093648e-09  7.92545118e-09]\n",
      " [-2.85343556e-09  7.58093648e-09  9.99996832e-01  4.04915566e-15]\n",
      " [ 2.10561412e-08  7.92545118e-09  4.04915568e-15  9.99927044e-01]]\n",
      "[[ 9.99997750e-01  6.45599166e-13]\n",
      " [ 6.45599166e-13  9.99997750e-01]\n",
      " [-1.26819358e-05  3.36930510e-05]\n",
      " [ 9.35828496e-05  3.52242275e-05]]\n",
      "[[ 2.24999494e-04  1.46295059e-16 -2.93146223e-09  2.10162469e-08]\n",
      " [ 1.46296598e-16  2.24999494e-04  7.67171680e-09  8.03057980e-09]\n",
      " [-2.93146223e-09  7.67171680e-09  9.99996698e-01  4.10539854e-15]\n",
      " [ 2.10162469e-08  8.03057980e-09  4.10539858e-15  9.99926045e-01]]\n",
      "[[ 9.99997750e-01  6.50203147e-13]\n",
      " [ 6.50203147e-13  9.99997750e-01]\n",
      " [-1.30287210e-05  3.40965191e-05]\n",
      " [ 9.34055417e-05  3.56914658e-05]]\n",
      "[[ 2.24999494e-04  1.47293659e-16 -3.01047412e-09  2.09758010e-08]\n",
      " [ 1.47294572e-16  2.24999494e-04  7.76184770e-09  8.13557654e-09]\n",
      " [-3.01047412e-09  7.76184770e-09  9.99996562e-01  4.16165344e-15]\n",
      " [ 2.09758010e-08  8.13557654e-09  4.16165348e-15  9.99925046e-01]]\n",
      "[[ 9.99997750e-01  6.54649354e-13]\n",
      " [ 6.54649354e-13  9.99997750e-01]\n",
      " [-1.33798850e-05  3.44971009e-05]\n",
      " [ 9.32257822e-05  3.61581180e-05]]\n",
      "[[ 2.24999494e-04  1.48262446e-16 -3.09046512e-09  2.09348128e-08]\n",
      " [ 1.48258566e-16  2.24999494e-04  7.85134146e-09  8.24041460e-09]\n",
      " [-3.09046512e-09  7.85134146e-09  9.99996421e-01  4.21791657e-15]\n",
      " [ 2.09348128e-08  8.24041460e-09  4.21791656e-15  9.99924046e-01]]\n",
      "[[ 9.99997750e-01  6.58934478e-13]\n",
      " [ 6.58934479e-13  9.99997750e-01]\n",
      " [-1.37354005e-05  3.48948509e-05]\n",
      " [ 9.30436126e-05  3.66240649e-05]]\n",
      "[[ 2.24999494e-04  1.49185088e-16 -3.17140876e-09  2.08933361e-08]\n",
      " [ 1.49185815e-16  2.24999494e-04  7.94028106e-09  8.34495763e-09]\n",
      " [-3.17140876e-09  7.94028106e-09  9.99996277e-01  4.27415411e-15]\n",
      " [ 2.08933361e-08  8.34495763e-09  4.27415415e-15  9.99923047e-01]]\n",
      "[[ 9.99997750e-01  6.63046452e-13]\n",
      " [ 6.63046452e-13  9.99997750e-01]\n",
      " [-1.40951501e-05  3.52901381e-05]\n",
      " [ 9.28592714e-05  3.70887006e-05]]\n",
      "[[ 2.24999494e-04  1.50074010e-16 -3.25332287e-09  2.08513321e-08]\n",
      " [ 1.50072202e-16  2.24999494e-04  8.02860353e-09  8.44930447e-09]\n",
      " [-3.25332287e-09  8.02860353e-09  9.99996129e-01  4.33039858e-15]\n",
      " [ 2.08513321e-08  8.44930447e-09  4.33039865e-15  9.99922047e-01]]\n",
      "[[ 9.99997750e-01  6.66992213e-13]\n",
      " [ 6.66992213e-13  9.99997750e-01]\n",
      " [-1.44592128e-05  3.56826824e-05]\n",
      " [ 9.26725873e-05  3.75524643e-05]]\n",
      "[[ 2.24999494e-04  1.50927464e-16 -3.33617349e-09  2.08088168e-08]\n",
      " [ 1.50923053e-16  2.24999494e-04  8.11626866e-09  8.55341612e-09]\n",
      " [-3.33617349e-09  8.11626866e-09  9.99995977e-01  4.38660959e-15]\n",
      " [ 2.08088168e-08  8.55341612e-09  4.38660963e-15  9.99921048e-01]]\n",
      "[[ 9.99997750e-01  6.70769483e-13]\n",
      " [ 6.70769483e-13  9.99997750e-01]\n",
      " [-1.48274377e-05  3.60723051e-05]\n",
      " [ 9.24836304e-05  3.80151827e-05]]\n",
      "[[ 2.24999494e-04  1.51735513e-16 -3.41999737e-09  2.07657740e-08]\n",
      " [ 1.51735771e-16  2.24999494e-04  8.20332294e-09  8.65733228e-09]\n",
      " [-3.41999737e-09  8.20332294e-09  9.99995821e-01  4.44284257e-15]\n",
      " [ 2.07657740e-08  8.65733228e-09  4.44284264e-15  9.99920048e-01]]\n",
      "[[ 9.99997750e-01  6.74378314e-13]\n",
      " [ 6.74378314e-13  9.99997750e-01]\n",
      " [-1.51999883e-05  3.64592131e-05]\n",
      " [ 9.22923291e-05  3.84770324e-05]]\n",
